7.6	26.6	17.1	0
8.2	26.8	17.5	0
8.4	27.0	17.7	0
10.0	27.0	18.5	0
8.4	26.6	17.5	0
6.4	26.2	16.3	0
8.2	26.5	17.4	0
10.8	27.0	18.9	0
11.0	26.3	18.7	0.5
11.8	23.0	17.4	0
13.7	26.2	20.0	0
10.3	25.2	17.8	0
14.5	25.5	20.0	1.3
12.2	24.6	18.4	0
9.9	25.4	17.7	7.1
11.6	23.6	17.6	7.1
9.0	25.0	17.0	0
8.9	25.7	17.3	7.6
8.8	24.4	16.6	0
7.4	26.5	17.0	0
7.3	25.8	16.6	0
7.1	25.9	16.5	0
7.0	26.2	16.6	0
5.4	26.0	15.7	0
8.5	26.1	17.3	0
5.5	26.0	15.8	0
6.8	26.0	16.4	0
8.4	27.0	17.7	0
8.8	26.3	17.6	0
9.9	27.8	18.9	0
7.4	27.5	17.5	0
9.6	26.8	18.2	0
11.4	25.6	18.5	0
5.2	25.7	15.5	0
5.0	26.0	15.5	0
4.1	27.5	15.8	0
6.1	29.0	17.6	0
9.2	27.7	18.5	0
10.0	27.0	18.5	0
12.6	28.7	20.7	0
6.7	28.9	17.8	0
11.0	26.5	18.8	0
9.5	27.3	18.4	0
10.5	27.2	18.9	0
8.4	27.2	17.8	0
14.1	27.5	20.8	0
10.6	27.8	19.2	0
14.2	27.5	20.9	0
6.0	24.4	15.2	0
5.2	25.7	15.5	0
7.0	27.0	17.0	0
3.2	27.5	15.4	0
10.0	27.8	18.9	0
11.0	27.5	19.3	0
13.0	28.0	20.5	0
8.4	27.7	18.1	0
3.4	28.0	15.7	0
7.4	27.5	17.5	0
9.2	28.0	18.6	0
7.0	28.5	17.8	0
9.3	26.8	18.1	4.2
9.4	28.0	18.7	5.8
9.5	27.7	18.6	5.5
5.6	27.2	16.4	2
11.9	28.0	20.0	0
11.2	27.0	19.1	7.8
11.9	25.4	18.7	1.6
11.0	24.6	17.8	24.5
11.8	24.4	18.1	3.4
12.8	24.0	18.4	0.8
11.6	25.0	18.3	1.8
12.1	25.6	18.9	0
12.9	24.8	18.9	23.8
13.3	24.0	18.7	57.1
11.0	22.5	16.8	0
11.5	23.9	17.7	41.7
11.3	23.6	17.5	0
13.8	24.9	19.4	0
8.5	25.9	17.2	0
8.5	25.9	17.2	0
8.4	26.1	17.3	0
8.7	26.7	17.7	0
8.4	27.1	17.8	0
10.4	26.7	18.6	0
14.0	26.3	20.2	1.6
16.6	23.4	20.0	0
13.0	26.1	19.6	0
12.0	25.4	18.7	2.4
12.3	24.4	18.4	12.7
11.5	25.0	18.3	9.1
12.0	25.0	18.5	1.2
1.8	21.8	11.8	0
9.0	24.5	16.8	0
11.4	24.8	18.1	0
10.3	25.0	17.7	0
10.4	25.4	17.9	0
9.4	25.5	17.5	0
9.4	25.7	17.6	0
13.5	26.2	19.9	0
12.2	26.0	19.1	0
10.8	25.9	18.4	0
7.2	24.8	16.0	0
8.4	25.2	16.8	0
9.0	26.6	17.8	0
8.2	26.6	17.4	0
8.5	26.6	17.6	2.1
12.4	26.6	19.5	0
10.1	26.4	18.3	0
12.9	25.9	19.4	17.4
10.4	24.5	17.5	0
8.3	24.3	16.3	0
8.6	25.0	16.8	0
9.5	25.5	17.5	3.6
8.6	26.2	17.4	5.6
12.0	24.1	18.1	7.8
12.0	24.9	18.5	9.2
12.4	24.7	18.6	33.3
13.1	24.5	18.8	11.6
8.0	24.4	16.2	21.6
13.2	24.3	18.8	10.7
12.2	24.2	18.2	0
10.5	24.2	17.4	9.7
9.9	23.5	16.7	1.6
9.7	24.5	17.1	0
10.3	23.4	16.9	13.1
13.2	22.5	17.9	5.4
13.0	23.2	18.1	17.5
11.9	23.7	17.8	4
9.5	24.8	17.2	0
8.8	24.6	16.7	0
9.5	24.5	17.0	0
12.6	24.4	18.5	0.6
9.5	24.2	16.9	5
12.0	23.6	17.8	10.8
10.6	24.2	17.4	0
13.1	24.3	18.7	0
10.4	25.1	17.8	0.6
8.5	24.8	16.7	0
8.4	25.0	16.7	0
8.3	25.4	16.9	0
8.0	25.8	16.9	0
7.2	26.7	17.0	0
9.0	26.1	17.6	0
7.5	25.5	16.5	0
7.4	25.1	16.3	0
7.5	25.1	16.3	0
8.0	24.6	16.3	0
9.5	23.3	16.4	0
10.2	24.9	17.6	0.7
9.9	23.8	16.9	12.9
11.3	25.1	18.2	2.1
9.5	24.8	17.2	0
9.5	25.0	17.3	0.6
7.8	25.5	16.7	2.2
10.8	24.4	17.6	8.4
9.5	24.5	17.0	5.9
11.0	23.9	17.5	0
12.2	22.8	17.5	21
12.9	23.6	18.3	9.5
9.0	23.7	16.4	0
8.0	23.4	15.7	0
8.6	24.0	16.3	0
6.7	23.0	14.9	0
8.3	21.8	15.1	0
9.6	24.2	16.9	5.4
10.1	23.4	16.8	9.3
9.4	24.6	17.0	2.4
7.8	24.1	16.0	0
7.4	23.2	15.3	0
8.1	23.0	15.6	0
8.5	23.8	16.2	4.2
12.3	22.6	17.5	38.6
11.8	23.8	17.8	49
9.4	23.0	16.2	6.8
10.8	21.6	16.2	5.1
11.4	21.2	16.3	0.1
11.4	22.5	17.0	7
12.4	20.3	16.4	3.3
9.4	21.9	15.7	5.2
11.9	21.8	16.9	0
8.5	21.1	14.8	0
6.8	23.3	15.1	3.2
8.0	23.5	15.8	0
7.6	23.6	15.6	1
7.4	23.5	15.5	5.2
7.9	22.3	15.1	0
6.3	21.1	13.7	5
6.7	21.6	14.2	2
6.5	22.9	14.7	10.8
9.0	22.9	16.0	2.6
10.3	22.0	16.2	7.3
12.1	21.6	16.9	0
11.6	22.6	17.1	0.3
11.0	22.2	16.6	5.9
10.4	21.1	15.8	12.6
11.8	22.2	17.0	0.2
7.9	23.1	15.5	0.2
9.4	22.4	15.9	0
10.7	23.5	17.1	0.5
11.4	23.0	17.2	0.2
11.6	22.6	17.1	4.6
11.5	23.1	17.3	12.9
9.2	23.0	16.1	23
8.8	22.7	15.8	18.1
10.4	22.4	16.4	5.5
10.9	20.4	15.7	25.6
9.0	22.9	16.0	0.4
11.4	20.9	16.2	4.2
13.2	21.5	17.4	0
9.4	22.6	16.0	0
11.0	21.7	16.4	3
8.5	22.4	15.5	0
8.9	23.5	16.2	0
7.4	22.3	14.9	0
9.4	21.4	15.4	4.7
10.4	23.1	16.8	0
10.9	24.2	17.6	0.2
9.8	23.7	16.8	1.6
11.2	23.8	17.5	1.5
11.4	24.0	17.7	0
7.1	25.8	16.5	0
8.2	24.1	16.2	4.5
8.8	25.5	17.2	19.6
9.4	25.2	17.3	40.7
9.2	24.3	16.8	36
9.4	23.4	16.4	13.2
12.0	25.9	19.0	0.3
11.3	25.0	18.2	1.9
10.2	23.1	16.7	0.8
9.6	24.5	17.1	0
8.4	25.3	16.9	0.6
7.7	25.0	16.4	0
8.0	25.4	16.7	0
8.2	24.6	16.4	20.4
9.5	23.7	16.6	5.8
10.7	25.1	17.9	19
12.0	25.3	18.7	20.8
11.2	26.0	18.6	0
12.5	26.1	19.3	11
9.0	25.0	17.0	17.9
11.3	24.1	17.7	6.4
12.4	24.7	18.6	0
11.2	23.0	17.1	13.4
11.2	23.4	17.3	44.6
13.5	24.0	18.8	34.1
11.5	24.1	17.8	0.4
7.8	22.8	15.3	1
11.1	22.0	16.6	0.4
8.2	23.1	15.7	0
8.8	21.6	15.2	0
7.9	21.3	14.6	0
7.5	23.9	15.7	0
6.4	24.0	15.2	0
7.8	23.0	15.4	0
8.9	22.5	15.7	8.4
12.0	23.8	17.9	0
7.4	24.0	15.7	0
6.2	24.2	15.2	0.7
7.7	24.4	16.1	0
8.0	23.4	15.7	0
8.9	23.6	16.3	0
8.5	24.0	16.3	6.3
7.0	24.0	15.5	8
11.0	23.2	17.1	12.2
9.8	24.0	16.9	0
10.5	24.0	17.3	0
8.7	22.2	15.5	0.5
10.4	23.3	16.9	1
7.7	25.5	16.6	0
8.0	24.6	16.3	0
9.4	23.2	16.3	1
9.6	24.8	17.2	0.5
10.0	25.1	17.6	8.8
12.8	25.0	18.9	4.6
9.6	25.4	17.5	5.3
13.0	25.2	19.1	2.8
11.1	23.4	17.3	6.9
11.1	24.5	17.8	7.9
13.6	24.0	18.8	4.9
11.7	24.3	18.0	25.8
13.0	24.1	18.6	9.8
13.0	23.0	18.0	9.3
13.5	24.2	18.9	13.5
12.0	24.0	18.0	21.7
10.5	23.8	17.2	0
9.5	23.5	16.5	2.1
11.0	23.0	17.0	10.6
12.5	23.2	17.9	1.5
9.4	21.4	15.4	0
9.2	21.9	15.6	0.4
9.5	24.4	17.0	0.3
10.0	23.2	16.6	0
9.0	23.4	16.2	6
11.0	23.2	17.1	19.8
9.5	23.0	16.3	1.4
9.5	22.0	15.8	0.2
10.3	22.5	16.4	5.8
11.0	23.8	17.4	16.1
11.0	23.5	17.3	6
13.5	23.7	18.6	1.5
13.4	22.0	17.7	9.7
11.6	22.3	17.0	0
11.1	23.2	17.2	1.4
9.0	23.0	16.0	0
10.8	22.8	16.8	0
10.0	22.9	16.5	0
8.3	24.7	16.5	0
10.0	23.7	16.9	0
9.1	24.4	16.8	12.5
10.2	23.0	16.6	0.8
12.9	24.7	18.8	0
11.1	24.7	17.9	0
11.5	23.7	17.6	0
10.1	23.6	16.9	0
9.8	24.4	17.1	0
11.4	24.9	18.2	0
11.0	24.8	17.9	0
11.5	24.8	18.2	0
11.0	23.9	17.5	1.2
11.5	24.5	18.0	0
10.6	24.5	17.6	1.4
9.7	24.7	17.2	2.1
13.0	24.0	18.5	0
8.3	24.6	16.5	0
11.0	24.9	18.0	0
13.8	24.4	19.1	0
8.3	26.1	17.2	0
11.9	22.8	17.4	0
10.5	22.9	16.7	3.4
10.0	23.9	17.0	0
9.1	24.8	17.0	0
7.5	26.0	16.8	1.9
13.4	26.4	19.9	0
11.5	25.8	18.7	56.9
12.5	25.2	18.9	24.8
12.5	25.2	18.9	8
10.5	25.9	18.2	0
9.9	25.3	17.6	0
11.0	26.5	18.8	0
10.5	25.4	18.0	0
8.3	25.7	17.0	0
11.9	22.6	17.3	0
10.2	26.0	18.1	0
9.7	26.0	17.9	0
9.3	25.6	17.5	0
10.5	26.2	18.4	0
8.3	25.8	17.1	0
8.6	26.9	17.8	0
6.5	27.9	17.2	0
5.2	24.8	15.0	0
7.0	25.7	16.4	0
5.6	25.8	15.7	0
8.5	23.6	16.1	0.5
8.7	26.0	17.4	0
13.9	26.1	20.0	0
8.7	25.5	17.1	0
6.6	24.9	15.8	0
6.5	25.2	15.9	0
9.4	26.1	17.8	0
7.9	27.3	17.6	0.3
9.4	28.0	18.7	13.6
13.0	26.9	20.0	0
9.5	26.8	18.2	0
6.7	25.6	16.2	0
7.5	25.6	16.6	0
8.4	25.6	17.0	0
8.6	26.9	17.8	0
9.8	26.5	18.2	0
7.1	26.4	16.8	0
8.7	27.0	17.9	0
6.5	26.2	16.4	0
5.3	27.0	16.2	0
6.3	25.8	16.1	0
7.9	26.5	17.2	0
8.6	25.5	17.1	0
6.7	28.0	17.4	0
6.5	28.0	17.3	0
7.5	27.2	17.4	0
8.4	27.0	17.7	0
7.0	26.2	16.6	0
4.9	26.8	15.9	0
8.0	26.0	17.0	0
9.1	26.5	17.8	1.1
10.2	27.2	18.7	0
7.8	28.0	17.9	6.9
13.2	28.1	20.7	1.3
10.0	29.1	19.6	0
12.0	28.9	20.5	0
7.4	28.0	17.7	0
7.6	28.6	18.1	0
4.5	27.5	16.0	0
2.8	27.0	14.9	0
9.5	24.6	17.1	0
6.6	25.4	16.0	0
6.8	27.7	17.3	0
5.0	25.5	15.3	0
4.4	28.0	16.2	0
6.2	29.0	17.6	0
10.0	28.0	19.0	0
10.8	24.0	17.4	0
8.9	25.9	17.4	0
3.9	27.4	15.7	0
5.0	27.1	16.1	0
7.0	26.8	16.9	0
4.7	28.1	16.4	0
8.6	28.1	18.4	0
6.2	28.9	17.6	0
8.6	27.9	18.3	0
10.0	27.2	18.6	0
7.8	27.3	17.6	0
9.1	27.1	18.1	0
7.1	26.7	16.9	0
7.3	27.1	17.2	0
5.0	27.4	16.2	0
8.7	26.6	17.7	0
4.0	28.6	16.3	0
7.4	27.4	17.4	0
6.7	27.2	17.0	0
8.6	26.4	17.5	0
7.3	27.3	17.3	0
7.9	27.6	17.8	0
7.4	27.0	17.2	1
8.2	27.0	17.6	0
8.6	27.5	18.1	0
8.8	27.3	18.1	1.6
7.6	27.1	17.4	0
9.3	26.2	17.8	0
7.1	24.4	15.8	0
8.6	24.8	16.7	0
11.2	22.0	16.6	7.5
9.9	26.0	18.0	0
9.9	26.8	18.4	0
11.4	26.2	18.8	16.1
9.4	26.9	18.2	4.5
8.4	26.4	17.4	0
9.2	27.2	18.2	0
9.8	26.3	18.1	0
7.4	25.8	16.6	0
7.9	26.6	17.3	0
10.6	27.0	18.8	2.6
11.2	27.5	19.4	2.7
8.7	27.6	18.2	0
10.1	27.5	18.8	0
13.1	27.8	20.5	0
10.5	25.0	17.8	0
10.4	23.6	17.0	0
10.4	25.8	18.1	0
8.0	24.3	16.2	0
10.0	26.0	18.0	0
9.9	26.0	18.0	0
8.3	22.8	15.6	0
5.5	26.5	16.0	0
13.1	27.0	20.1	0
12.0	24.6	18.3	0
12.4	23.5	18.0	0
10.8	24.0	17.4	0
12.0	23.5	17.8	0
12.0	23.4	17.7	0
10.0	24.9	17.5	0
8.0	25.5	16.8	0
12.5	25.8	19.2	21.8
14.7	21.4	18.1	3.2
12.3	20.2	16.3	0
10.5	21.2	15.9	31.6
6.8	28.0	17.4	0
9.2	21.6	15.4	0
10.6	24.9	17.8	0
9.5	25.5	17.5	0
8.9	25.9	17.4	0
8.3	25.4	16.9	0
9.2	26.0	17.6	0.1
11.2	25.7	18.5	0
9.0	26.2	17.6	0
9.4	26.1	17.8	0
9.1	25.7	17.4	0
9.0	26.0	17.5	0
8.3	26.2	17.3	0
10.5	24.4	17.5	4.6
13.5	24.0	18.8	10.3
11.7	23.3	17.5	4.9
10.0	25.3	17.7	11.7
9.5	25.4	17.5	6.2
11.0	25.0	18.0	6.8
11.6	26.0	18.8	0
12.6	25.2	18.9	0
8.4	26.0	17.2	0
10.3	25.8	18.1	5.4
12.4	23.0	17.7	7
11.7	24.9	18.3	35.5
10.5	26.2	18.4	1.9
11.5	25.6	18.6	15.9
11.4	24.7	18.1	12
10.6	23.2	16.9	0
10.0	23.0	16.5	4.4
14.1	23.5	18.8	4.8
12.5	24.6	18.6	4.9
13.8	22.3	18.1	26.7
13.7	24.0	18.9	6
13.5	24.1	18.8	6.9
11.7	24.4	18.1	4.3
9.6	24.4	17.0	0
9.7	23.0	16.4	0.9
11.3	23.7	17.5	0
8.5	23.5	16.0	0
8.4	22.9	15.7	0
9.2	22.3	15.8	0
8.9	23.2	16.1	0
7.7	22.0	14.9	0
7.4	19.6	13.5	0
8.4	21.8	15.1	0
8.3	22.5	15.4	0
9.3	21.5	15.4	3.4
11.9	21.4	16.7	1
10.4	22.5	16.5	0
11.5	22.0	16.8	2.4
9.0	21.9	15.5	0
10.1	22.8	16.5	0
7.7	21.0	14.4	0
6.8	20.8	13.8	0
6.0	22.0	14.0	0
7.0	22.2	14.6	0
8.4	22.6	15.5	0
8.7	22.3	15.5	0
10.9	20.4	15.7	1.3
8.8	22.3	15.6	0
8.6	24.4	16.5	18.8
12.0	23.2	17.6	35.6
8.4	22.9	15.7	0
9.1	23.2	16.2	0.6
11.0	24.6	17.8	0
9.6	23.2	16.4	0
9.6	22.8	16.2	0
7.7	23.0	15.4	0
8.0	22.7	15.4	0
8.0	22.2	15.1	0
8.0	21.1	14.6	2.1
8.2	20.0	14.1	18.2
11.4	16.4	13.9	0
13.0	21.6	17.3	21.7
12.3	22.7	17.5	0.6
10.6	23.8	17.2	6.1
12.3	22.1	17.2	7
12.4	21.9	17.2	2
9.9	21.4	15.7	2
11.2	23.7	17.5	2
11.0	20.5	15.8	2.1
10.6	21.2	15.9	0
9.6	22.4	16.0	18.4
10.3	20.6	15.5	9.5
12.4	22.4	17.4	11.7
11.8	22.5	17.2	4
10.2	22.3	16.3	5.3
13.4	22.4	17.9	0.5
9.1	20.0	14.6	0
13.4	22.5	18.0	10
9.8	23.5	16.7	0.9
11.4	20.9	16.2	0.8
10.9	22.9	16.9	1.5
12.4	22.8	17.6	1
12.2	23.4	17.8	3.5
9.4	23.9	16.7	16.3
10.3	23.5	16.9	5.2
10.8	23.5	17.2	0
11.0	24.2	17.6	3.5
10.7	24.5	17.6	36.1
11.6	24.1	17.9	0
12.0	24.9	18.5	0
10.9	21.9	16.4	7.1
12.4	23.4	17.9	7.7
10.5	23.8	17.2	46.2
12.2	22.7	17.5	3.5
11.3	23.3	17.3	0
3.7	22.3	13.0	0
9.0	23.4	16.2	0
12.4	23.0	17.7	0
10.9	21.9	16.4	0
8.7	22.1	15.4	0.8
8.4	22.0	15.2	0
11.6	23.9	17.8	0
11.0	23.8	17.4	16.5
11.0	24.5	17.8	4.6
12.2	25.3	18.8	0
10.0	22.5	16.3	0
10.1	24.5	17.3	0
9.7	23.1	16.4	12.8
12.0	23.5	17.8	0.3
11.9	24.3	18.1	1
13.1	24.2	18.7	24.8
9.5	24.7	17.1	0
10.1	25.7	17.9	0
11.0	25.8	18.4	5.4
12.0	24.7	18.4	4
12.7	24.7	18.7	10.7
10.0	24.5	17.3	2.5
12.0	24.8	18.4	19.9
12.0	24.5	18.3	33.1
10.7	25.8	18.3	16.8
10.4	24.0	17.2	4.9
8.7	24.5	16.6	5.4
9.5	25.0	17.3	2.1
9.7	25.1	17.4	6.4
10.6	22.6	16.6	30.3
12.0	25.6	18.8	0
9.1	25.6	17.4	10.3
10.5	25.5	18.0	10.5
10.0	22.5	16.3	6.5
13.1	24.0	18.6	13.1
11.4	23.4	17.4	0.3
11.8	23.8	17.8	10.3
11.5	24.5	18.0	0
12.5	25.0	18.8	2.6
12.0	24.4	18.2	0
10.4	24.8	17.6	0
10.9	22.1	16.5	2.9
9.0	25.1	17.1	0.6
10.4	25.2	17.8	13.6
9.2	25.5	17.4	11.9
10.1	24.8	17.5	0
7.9	25.1	16.5	0
7.6	25.3	16.5	0
7.5	25.5	16.5	0
7.5	25.1	16.3	0
7.1	25.8	16.5	9.2
8.0	27.2	17.6	7.2
9.5	26.4	18.0	0
9.5	26.5	18.0	0
9.0	27.0	18.0	0
9.7	27.0	18.4	0
11.0	26.2	18.6	0
8.6	25.0	16.8	5.6
11.4	23.9	17.7	3.4
9.8	24.6	17.2	0
8.3	22.6	15.5	0
8.1	23.4	15.8	0
11.2	24.1	17.7	0
13.0	23.6	18.3	0.8
10.0	22.8	16.4	11.7
9.4	25.3	17.4	10.5
8.4	23.7	16.1	0
12.4	23.6	18.0	0
11.0	21.7	16.4	0
13.1	21.6	17.4	1.8
12.4	23.8	18.1	1.6
9.4	24.1	16.8	10.9
9.9	25.8	17.9	1.3
11.7	24.5	18.1	0.5
10.7	24.5	17.6	4.1
9.5	22.3	15.9	6.1
10.5	23.4	17.0	0
9.1	21.2	15.2	4.3
9.6	20.7	15.2	0
9.0	23.4	16.2	0
8.8	21.7	15.3	12.6
7.1	21.5	14.3	12
8.0	21.6	14.8	3.8
7.6	21.6	14.6	11.7
8.5	24.1	16.3	13.7
8.2	23.7	16.0	2
9.0	23.7	16.4	5.9
10.1	24.4	17.3	25.5
8.9	24.5	16.7	2.2
9.0	23.0	16.0	1.3
9.5	22.5	16.0	0
14.0	23.4	18.7	0
11.6	22.5	17.1	0
12.6	25.1	18.9	0
12.9	24.5	18.7	0
13.5	24.7	19.1	0
13.4	22.7	18.1	0
13.9	24.5	19.2	7.5
12.0	25.2	18.6	0
10.5	25.6	18.1	0
9.6	25.0	17.3	0
13.2	23.7	18.5	0
12.4	23.9	18.2	0
11.7	24.5	18.1	0
9.3	25.2	17.3	0
10.4	25.3	17.9	0
10.4	24.5	17.5	0
10.9	23.4	17.2	0
13.1	22.6	17.9	0
12.7	23.2	18.0	0
13.3	24.0	18.7	0
13.5	23.7	18.6	0
12.3	24.7	18.5	0
13.0	24.8	18.9	0
13.2	25.5	19.4	1.3
11.5	25.6	18.6	0
12.4	24.5	18.5	3.1
10.5	25.7	18.1	0
8.6	25.5	17.1	0
11.6	26.0	18.8	0.6
11.7	26.3	19.0	4.2
8.2	26.2	17.2	0.8
8.9	26.2	17.6	0
12.6	25.4	19.0	0
12.0	25.9	19.0	0
10.0	25.8	17.9	0
12.5	25.2	18.9	0
10.1	24.9	17.5	0
10.5	25.4	18.0	0
10.1	23.5	16.8	0
11.1	19.9	15.5	0
8.5	24.0	16.3	0
9.3	23.0	16.2	0
8.9	21.5	15.2	0
6.6	23.9	15.3	0
6.0	24.9	15.5	0
9.4	24.7	17.1	0
10.5	22.6	16.6	6.2
9.7	21.5	15.6	3.9
8.5	24.6	16.6	0
12.0	25.6	18.8	0
11.5	27.1	19.3	0
12.9	27.4	20.2	0
9.7	26.9	18.3	2.4
8.5	26.0	17.3	0.6
10.0	24.5	17.3	0
8.8	25.4	17.1	0
9.3	24.3	16.8	0
9.6	22.5	16.1	0
7.4	17.1	12.3	0
6.8	19.9	13.4	0
11.1	19.6	15.4	0
6.7	24.2	15.5	0
7.5	25.0	16.3	0
8.5	22.4	15.5	0
7.4	24.7	16.1	2.1
8.7	26.0	17.4	0
9.6	25.5	17.6	0
8.4	26.2	17.3	0
7.0	27.4	17.2	0
10.0	24.4	17.2	0
11.0	25.9	18.5	0
11.0	26.3	18.7	1.4
13.0	25.5	19.3	0
12.5	22.7	17.6	7.1
10.6	25.0	17.8	0
9.0	25.6	17.3	0
8.6	25.5	17.1	0
8.0	25.8	16.9	2
13.5	26.0	19.8	9.3
12.4	25.8	19.1	1.1
12.5	26.0	19.3	3.9
9.0	26.2	17.6	0.4
11.4	26.8	19.1	0
8.9	27.8	18.4	0
8.5	27.5	18.0	0
9.0	27.6	18.3	2.1
12.0	26.9	19.5	15.8
8.5	26.9	17.7	6.9
11.6	26.8	19.2	12.8
11.0	27.1	19.1	9.3
8.7	27.2	18.0	12.9
14.0	27.0	20.5	12.8
11.2	27.3	19.3	2.5
11.6	26.8	19.2	0
7.7	25.7	16.7	0
7.4	26.5	17.0	0
10.1	28.0	19.1	7.2
12.0	28.4	20.2	0
8.2	27.4	17.8	0
8.1	24.5	16.3	0
7.8	23.9	15.9	0
6.8	24.3	15.6	0
8.0	25.8	16.9	0
9.8	26.4	18.1	0
10.1	26.5	18.3	0
10.3	27.5	18.9	0
11.0	26.4	18.7	19.3
9.2	26.6	17.9	0
7.6	26.5	17.1	0
6.7	26.6	16.7	0
9.0	27.2	18.1	0
9.6	24.6	17.1	0
9.5	26.8	18.2	0
9.5	26.6	18.1	0
6.8	26.6	16.7	0
8.1	26.9	17.5	0
6.7	27.5	17.1	0
7.3	25.4	16.4	0
9.2	21.3	15.3	0
9.1	24.6	16.9	0
8.5	24.6	16.6	0
8.5	24.6	16.6	0
8.9	23.5	16.2	0
8.0	23.7	15.9	0
9.0	23.5	16.3	0
9.5	23.6	16.6	0
9.8	25.8	17.8	0
12.2	26.7	19.5	0
5.3	27.0	16.2	0
6.7	24.6	15.7	0
5.0	24.0	14.5	0
9.0	22.9	16.0	0
12.4	21.0	16.7	17.5
12.5	24.6	18.6	14.2
13.4	24.8	19.1	0
9.4	25.0	17.2	0
8.5	25.6	17.1	0
6.2	26.4	16.3	0
8.4	25.7	17.1	15.4
10.1	25.4	17.8	23.1
10.1	24.4	17.3	0
8.3	24.3	16.3	0
7.5	26.3	16.9	0
9.5	25.6	17.6	0
9.9	25.6	17.8	0
9.5	25.4	17.5	0
10.0	20.8	15.4	0
7.5	23.4	15.5	0
9.0	24.7	16.9	0
8.4	24.9	16.7	0
12.6	23.5	18.1	2.9
10.4	23.3	16.9	1.6
11.2	24.2	17.7	10.9
12.9	24.7	18.8	3.9
10.3	24.5	17.4	1.2
13.5	24.6	19.1	4
13.0	24.5	18.8	17
11.5	25.3	18.4	25.6
12.3	25.5	18.9	0
9.2	25.9	17.6	0
10.5	24.0	17.3	0
10.2	26.0	18.1	4.7
10.6	26.1	18.4	6.1
13.9	25.8	19.9	19.6
13.9	25.1	19.5	3.2
13.4	26.2	19.8	2
13.6	24.0	18.8	5.5
11.0	24.9	18.0	1.6
8.6	24.7	16.7	0
9.5	24.7	17.1	0
8.5	23.0	15.8	0
8.4	23.9	16.2	0
12.6	24.1	18.4	0.5
13.6	24.9	19.3	0
13.5	24.9	19.2	0
11.5	24.0	17.8	0
10.0	25.5	17.8	0
10.2	24.4	17.3	0
10.1	25.3	17.7	13.5
13.5	25.3	19.4	8.9
10.7	24.8	17.8	5
10.7	25.4	18.1	0.6
13.5	21.1	17.3	0
10.9	23.5	17.2	1.7
13.6	23.7	18.7	5.8
12.6	21.0	16.8	47.9
12.4	22.9	17.7	12.8
13.5	23.1	18.3	13.1
11.8	22.8	17.3	0
10.6	24.4	17.5	0
11.5	23.5	17.5	0
12.5	22.7	17.6	0
14.2	23.0	18.6	0
10.1	21.5	15.8	2.6
13.0	19.6	16.3	0.5
9.6	22.0	15.8	0
9.8	22.0	15.9	0
10.4	19.8	15.1	5.8
10.1	20.6	15.4	0
11.0	21.8	16.4	36.1
10.6	23.3	17.0	4.6
13.2	22.7	18.0	18.8
10.6	23.0	16.8	0
14.1	23.4	18.8	28.4
13.3	23.5	18.4	2.6
14.2	23.0	18.6	0
11.9	24.0	18.0	0
8.0	24.9	16.5	0
9.4	23.4	16.4	0.4
9.4	23.4	16.4	0
8.8	22.8	15.8	0
8.8	20.7	14.8	3.4
9.0	22.6	15.8	6.2
9.0	23.4	16.2	0
9.6	21.8	15.7	4
12.6	21.9	17.3	1.2
13.1	23.5	18.3	58.6
10.5	23.4	17.0	10.5
11.1	22.6	16.9	6.5
11.0	23.5	17.3	1.1
11.1	23.2	17.2	2
9.2	23.5	16.4	0.5
8.5	23.5	16.0	0
8.5	22.5	15.5	2.5
8.9	22.5	15.7	2.4
11.7	23.5	17.6	23.7
6.9	24.4	15.7	13.1
13.2	22.1	17.7	5.7
11.0	22.9	17.0	6.6
11.0	22.2	16.6	1
10.6	21.5	16.1	4.2
13.4	24.2	18.8	0
12.4	23.2	17.8	8.6
11.0	22.1	16.6	3
11.4	22.5	17.0	0
9.8	21.9	15.9	0
8.9	22.1	15.5	0
9.4	22.5	16.0	0
9.6	21.0	15.3	5.9
8.5	20.1	14.3	0
7.8	21.8	14.8	0
9.5	19.0	14.3	1.4
7.5	20.2	13.9	0
7.5	22.0	14.8	11.6
10.0	23.5	16.8	4.5
8.9	20.8	14.9	0
10.6	20.0	15.3	0
9.7	20.5	15.1	3.7
13.0	21.2	17.1	8.9
8.6	22.4	15.5	25.1
8.8	20.6	14.7	0
8.6	22.4	15.5	0
8.0	22.5	15.3	0
9.2	22.3	15.8	0
9.1	22.4	15.8	0
8.6	20.0	14.3	0
8.4	22.5	15.5	0
8.5	23.5	16.0	7
10.6	20.9	15.8	41.9
11.6	22.9	17.3	16
10.8	22.8	16.8	5.6
11.5	23.4	17.5	20.3
11.2	23.9	17.6	9
11.5	23.5	17.5	0
8.3	23.5	15.9	0
9.1	24.2	16.7	1.3
10.2	24.5	17.4	1.9
12.6	24.1	18.4	2
8.5	24.9	16.7	13.8
10.2	21.9	16.1	17.5
8.4	23.4	15.9	19.9
10.7	23.8	17.3	45.5
12.0	22.7	17.4	4.1
8.9	23.3	16.1	7.7
10.5	22.3	16.4	5.7
9.1	23.4	16.3	3.3
9.2	23.0	16.1	0
9.1	21.9	15.5	2.6
9.0	22.1	15.6	7.9
12.0	22.0	17.0	5.7
11.6	23.9	17.8	0.2
11.0	23.8	17.4	0
11.0	24.5	17.8	73.5
12.2	25.3	18.8	5.3
10.0	22.5	16.3	0
10.1	24.5	17.3	0
9.7	23.1	16.4	2.7
12.0	23.5	17.8	6.5
11.9	24.3	18.1	3
13.1	24.2	18.7	8.8
9.5	24.7	17.1	6.4
10.1	25.7	17.9	2.6
11.0	25.8	18.4	3.7
12.0	24.7	18.4	2
12.7	24.7	18.7	0
10.0	24.5	17.3	5.1
12.0	24.8	18.4	2.7
12.0	24.5	18.3	9.4
10.7	25.8	18.3	0.6
10.4	24.0	17.2	0
8.7	24.5	16.6	0
9.5	25.0	17.3	11.8
9.7	25.1	17.4	6.8
10.6	22.6	16.6	0
12.0	25.6	18.8	3.6
9.1	25.6	17.4	17.6
10.5	25.5	18.0	0.2
10.0	22.5	16.3	0.7
13.1	24.0	18.6	11.6
11.4	23.4	17.4	24.6
11.8	23.8	17.8	2.1
11.5	24.5	18.0	19.7
12.5	25.0	18.8	2.7
12.0	24.4	18.2	6.1
10.4	24.8	17.6	0
10.9	22.1	16.5	0
9.0	25.1	17.1	0
10.4	25.2	17.8	4.6
9.2	25.5	17.4	0
10.1	24.8	17.5	0
7.9	25.1	16.5	0
7.6	25.3	16.5	0
7.5	25.5	16.5	0
7.5	25.1	16.3	0
7.1	25.8	16.5	0.3
8.0	27.2	17.6	0
9.5	26.4	18.0	0
9.5	26.5	18.0	0
9.0	27.0	18.0	9.7
9.7	27.0	18.4	0
11.0	26.2	18.6	0
8.6	25.0	16.8	0
11.4	23.9	17.7	5
9.8	24.6	17.2	12.8
8.3	22.6	15.5	0
8.1	23.4	15.8	0
11.2	24.1	17.7	15.7
13.0	23.6	18.3	0
10.0	22.8	16.4	0
9.4	25.3	17.4	0
8.4	23.7	16.1	25.3
12.4	23.6	18.0	13.7
11.0	21.7	16.4	3
13.1	21.6	17.4	0.1
12.4	23.8	18.1	0
9.4	24.1	16.8	0
9.9	25.8	17.9	0
11.7	24.5	18.1	13
10.7	24.5	17.6	0.5
9.5	23.3	16.4	0
10.5	23.4	17.0	1.5
9.1	21.2	15.2	0
9.6	20.7	15.2	0
9.0	23.4	16.2	0
8.8	21.7	15.3	0
7.1	21.5	14.3	0
8.0	21.6	14.8	0
7.6	21.6	14.6	0
8.5	24.1	16.3	0
8.2	23.7	16.0	0
9.0	23.7	16.4	0
10.1	24.4	17.3	0
8.9	24.5	16.7	0
9.0	23.0	16.0	0
9.5	22.5	16.0	2
14.0	23.4	18.7	4.5
11.6	25.1	18.4	29.4
12.6	25.1	18.9	6.2
12.9	24.5	18.7	0
13.5	24.7	19.1	17.3
13.4	22.7	18.1	24.7
13.9	24.5	19.2	26.9
12.0	25.2	18.6	11.5
10.5	25.6	18.1	12.6
9.6	25.0	17.3	0
13.2	23.7	18.5	0.8
12.4	23.9	18.2	0
11.7	24.5	18.1	0
9.3	25.2	17.3	0.8
10.4	25.3	17.9	3.1
10.4	24.5	17.5	0
10.9	23.4	17.2	0
13.1	22.6	17.9	7.3
12.7	23.2	18.0	10
13.3	24.0	18.7	17.3
13.5	23.7	18.6	1.4
12.3	24.7	18.5	2.5
13.0	24.8	18.9	2.4
13.2	25.5	19.4	0.5
11.5	25.6	18.6	7.8
12.4	24.5	18.5	6.6
10.5	25.7	18.1	0
8.6	25.5	17.1	0
11.6	26.0	18.8	0
11.7	26.3	19.0	0
8.2	26.2	17.2	0
8.9	26.2	17.6	0
12.6	25.4	19.0	0
12.0	25.9	19.0	0
10.0	25.8	17.9	0
12.5	24.0	18.3	0.6
10.1	25.0	17.6	12.1
10.5	24.9	17.7	0
10.1	22.0	16.1	0
11.1	22.4	16.8	0
8.5	24.2	16.4	0
9.3	25.5	17.4	0
8.9	24.8	16.9	0
6.6	26.0	16.3	0
6.0	26.4	16.2	0
9.4	25.6	17.5	0
10.5	25.4	18.0	0
9.7	24.5	17.1	0
8.5	26.1	17.3	0
12.0	26.0	19.0	0
11.5	25.9	18.7	0
12.9	26.4	19.7	0
9.7	25.7	17.7	0
8.5	25.6	17.1	0
10.0	24.8	17.4	0
8.8	24.9	16.9	0
9.3	26.0	17.7	0
9.6	26.1	17.9	0
7.4	26.2	16.8	0
6.8	26.9	16.9	0
11.1	27.5	19.3	0
6.7	28.0	17.4	0
7.5	26.5	17.0	0
8.5	26.6	17.6	0
7.4	26.1	16.8	0
8.7	26.4	17.6	0
9.6	26.5	18.1	0
8.4	27.5	18.0	0
8.0	24.1	16.1	0
3.5	26.1	14.8	16.9
3.6	25.4	14.5	0
3.9	26.2	15.1	0
6.3	25.1	15.7	0
6.5	25.0	15.8	0
6.0	26.4	16.2	0
8.2	25.4	16.8	0
6.8	24.5	15.7	0
8.6	25.1	16.9	0
9.5	25.2	17.4	4.5
9.5	24.7	17.1	57.4
7.0	26.2	16.6	7.1
5.5	26.4	16.0	2.3
5.0	25.8	15.4	15.6
7.0	25.4	16.2	0
5.2	26.3	15.8	0
5.5	24.2	14.9	0
7.5	25.7	16.6	0
6.2	26.1	16.2	0
6.0	26.2	16.1	0
4.5	26.0	15.3	0
6.0	26.0	16.0	0
5.0	26.1	15.6	0
5.6	25.8	15.7	0
8.5	25.8	17.2	0
6.2	27.0	16.6	0
4.8	26.2	15.5	0
8.6	26.2	17.4	0
6.3	26.0	16.2	0
6.2	24.2	15.2	0
5.2	26.3	15.8	0
3.8	28.0	15.9	0
5.0	26.9	16.0	0
3.5	26.8	15.2	0
7.4	25.6	16.5	0
4.2	25.5	14.9	0
8.5	26.2	17.4	0
8.5	26.8	17.7	0
3.6	26.0	14.8	0
9.4	26.5	18.0	0
8.1	26.7	17.4	0
8.5	27.7	18.1	0
11.0	27.3	19.2	0
11.2	26.6	18.9	0
10.4	26.5	18.5	0
9.8	26.8	18.3	0
9.5	27.0	18.3	45.6
10.1	27.0	18.6	0
11.6	27.1	19.4	0
6.4	27.0	16.7	0
8.9	28.0	18.5	0
9.6	28.5	19.1	0
8.6	27.6	18.1	0
6.4	26.5	16.5	0
6.8	27.7	17.3	0
10.0	22.7	16.4	0
10.0	23.2	16.6	0
10.0	26.4	18.2	0.4
6.5	26.0	16.3	0
9.0	22.3	15.7	0.9
12.6	25.0	18.8	29.7
7.5	26.5	17.0	0
9.0	26.3	17.7	10.1
9.9	26.4	18.2	0
9.7	25.7	17.7	0
8.9	27.1	18.0	0
10.4	25.4	17.9	4.2
5.3	26.4	15.9	44.8
5.0	27.5	16.3	0
7.7	28.2	18.0	0
6.5	27.5	17.0	0
7.5	27.5	17.5	0
6.5	27.2	16.9	0
6.2	28.4	17.3	0
8.0	29.5	18.8	0
7.8	29.1	18.5	0
9.7	28.7	19.2	0
8.6	29.3	19.0	0.6
11.5	28.6	20.1	0
11.4	28.0	19.7	0
6.7	28.6	17.7	0
10.8	28.8	19.8	0
10.7	27.9	19.3	0
10.8	27.5	19.2	0.5
8.2	28.1	18.2	0
10.1	27.4	18.8	0
9.5	29.7	19.6	0
9.5	29.0	19.3	0
10.5	27.8	19.2	0
9.6	27.4	18.5	0
11.5	25.5	18.5	7.2
12.5	23.5	18.0	0
10.8	26.7	18.8	0
12.4	28.3	20.4	0.7
13.7	26.0	19.9	1.1
14.7	25.0	19.9	0
13.6	26.0	19.8	0
12.8	26.5	19.7	0
9.3	26.5	17.9	0
10.3	28.0	19.2	1
9.8	26.7	18.3	19.2
10.5	27.1	18.8	48.7
11.5	23.8	17.7	1.8
13.5	25.0	19.3	0
14.0	26.5	20.3	0
12.5	26.2	19.4	6.4
10.8	25.1	18.0	0
12.3	22.1	17.2	9.1
11.2	26.5	18.9	6.7
10.9	26.3	18.6	10.8
11.8	24.5	18.2	3.1
12.2	22.7	17.5	0.8
13.0	21.6	17.3	0
12.7	23.1	17.9	0
12.7	21.8	17.3	0
11.1	25.1	18.1	0
13.8	22.8	18.3	0.4
13.8	23.2	18.5	0.4
13.3	23.0	18.2	34.2
13.1	23.4	18.3	10.9
13.4	23.0	18.2	8.1
12.1	24.5	18.3	47.3
13.4	21.6	17.5	39.3
12.8	23.7	18.3	2.2
11.0	23.0	17.0	8.6
12.6	20.8	16.7	16.9
13.1	21.6	17.4	0.5
12.6	21.4	17.0	0.4
11.2	23.6	17.4	4.3
11.2	24.2	17.7	0.9
9.1	25.0	17.1	9.5
10.5	23.6	17.1	0
12.8	22.9	17.9	0
11.6	23.6	17.6	0
11.5	24.5	18.0	0
11.8	25.3	18.6	0
12.6	23.1	17.9	0
12.9	23.4	18.2	0
10.9	24.8	17.9	0.4
11.5	24.5	18.0	0.4
12.5	25.4	19.0	0
9.5	25.5	17.5	0
12.5	23.5	18.0	0
12.0	22.8	17.4	0
9.5	23.8	16.7	0
9.3	23.7	16.5	0
12.2	24.1	18.2	0
9.8	24.5	17.2	0
11.5	24.0	17.8	0
7.6	20.1	13.9	0
7.6	25.5	16.6	0
8.8	24.7	16.8	0
9.0	24.5	16.8	0
12.5	22.5	17.5	0
10.8	22.1	16.5	0
13.7	23.5	18.6	0
13.3	22.8	18.1	0
13.5	22.2	17.9	0
12.7	23.0	17.9	4.1
11.2	23.5	17.4	0.5
13.4	23.8	18.6	0
10.6	23.8	17.2	7.9
9.3	24.4	16.9	25.8
9.7	24.2	17.0	0
10.8	25.1	18.0	0
8.5	22.9	15.7	0
10.2	23.3	16.8	0
11.1	22.5	16.8	17.1
11.2	22.0	16.6	0.5
12.5	22.1	17.3	2.5
11.7	21.5	16.6	15.7
13.4	21.2	17.3	5
10.9	22.9	16.9	0
12.6	22.5	17.6	1
11.0	21.1	16.1	0
10.6	22.3	16.5	0
11.5	21.4	16.5	23.4
10.5	22.7	16.6	0
11.9	25.2	18.6	0
10.2	21.7	16.0	0
10.3	21.4	15.9	0
10.0	21.4	15.7	0
10.7	21.2	16.0	0
9.8	21.1	15.5	0
8.2	21.8	15.0	0
11.3	19.5	15.4	0
8.8	22.0	15.4	0
8.6	20.6	14.6	0
9.8	22.5	16.2	0
10.3	22.6	16.5	0
11.6	22.1	16.9	0.8
8.4	22.3	15.4	6.6
10.3	23.3	16.8	2.3
11.1	22.2	16.7	25.2
11.7	22.0	16.9	0.4
10.2	22.8	16.5	2.2
9.5	22.2	15.9	0.5
9.0	23.5	16.3	4.1
12.5	20.7	16.6	0
12.1	22.7	17.4	0
9.2	22.2	15.7	0
9.8	22.5	16.2	3.3
10.8	21.2	16.0	0.8
12.2	20.0	16.1	0
12.9	22.4	17.7	0
12.8	20.6	16.7	6.5
10.9	20.6	15.8	2.5
11.7	21.6	16.7	0.7
11.2	20.5	15.9	5.8
12.6	22.1	17.4	36.5
11.6	22.0	16.8	1.4
11.0	22.5	16.8	15.1
9.5	23.2	16.4	7.6
10.2	22.7	16.5	2.1
12.2	21.5	16.9	30.6
9.7	23.6	16.7	1.9
11.5	22.2	16.9	8.4
11.0	23.5	17.3	15.3
13.4	21.1	17.3	24.3
12.5	22.2	17.4	30.9
9.2	24.4	16.8	0.7
11.0	24.4	17.7	0
8.2	23.4	15.8	0
8.0	24.5	16.3	0
7.4	22.5	15.0	0
10.9	22.0	16.5	0.8
12.0	21.8	16.9	10.9
12.3	21.7	17.0	8.9
12.5	22.4	17.5	7.9
10.7	22.6	16.7	0.8
11.0	22.3	16.7	6.7
9.4	22.9	16.2	0.7
6.9	23.0	15.0	23.9
9.1	22.5	15.8	7.1
12.1	22.0	17.1	0
9.0	23.5	16.3	0
11.2	23.2	17.2	0
12.0	21.8	16.9	0.5
12.4	20.4	16.4	0
10.1	22.7	16.4	0
8.9	23.6	16.3	0
8.0	23.3	15.7	0
8.9	22.5	15.7	0
10.2	24.5	17.4	0
11.8	22.1	17.0	0
10.9	22.7	16.8	0
12.7	21.5	17.1	0
13.0	18.5	15.8	0
13.1	22.6	17.9	1.6
12.1	21.3	16.7	0
9.7	23.0	16.4	0
9.9	22.5	16.2	0
9.5	23.6	16.6	0
11.6	22.6	17.1	0
12.7	24.0	18.4	6.9
10.5	24.2	17.4	0.9
9.9	24.0	17.0	0.1
11.3	22.0	16.7	0
9.8	23.5	16.7	0.5
7.4	24.1	15.8	0
7.2	23.6	15.4	0
8.8	25.0	16.9	0
8.5	24.6	16.6	0
10.2	25.5	17.9	0
7.7	25.2	16.5	0
8.1	24.6	16.4	0
9.9	24.5	17.2	0
12.8	23.0	17.9	0
9.9	23.4	16.7	0
11.7	24.3	18.0	0
12.0	24.2	18.1	0
11.2	24.8	18.0	0
10.2	24.4	17.3	4.2
11.4	24.4	17.9	25.9
7.5	25.0	16.3	13.4
7.9	25.7	16.8	0
8.9	25.8	17.4	0
10.4	24.6	17.5	7.6
9.4	25.7	17.6	2
9.0	25.2	17.1	0.9
9.5	25.4	17.5	0
9.6	26.0	17.8	0
13.1	22.6	17.9	0
12.5	26.5	19.5	0
10.5	24.0	17.3	0.4
12.0	22.7	17.4	2.4
12.8	22.6	17.7	0
10.4	24.6	17.5	0
9.2	24.2	16.7	0
9.4	23.8	16.6	3
11.9	25.3	18.6	0.7
10.0	24.6	17.3	0.4
12.5	24.2	18.4	0.9
13.5	23.4	18.5	0
12.5	25.1	18.8	0
11.4	25.3	18.4	0.7
9.8	25.5	17.7	20
11.0	24.0	17.5	0.7
9.0	24.7	16.9	4.4
11.2	24.1	17.7	0
13.4	22.9	18.2	0
12.9	23.5	18.2	0.7
13.1	22.5	17.8	0.3
13.1	23.8	18.5	0
10.1	23.0	16.6	0
11.3	21.0	16.2	0
10.0	23.5	16.8	0
9.4	22.5	16.0	3.1
10.0	22.8	16.4	17
11.3	23.0	17.2	0
11.5	23.5	17.5	0
8.6	23.0	15.8	0
12.4	22.7	17.6	0
12.0	23.2	17.6	0.5
9.2	23.4	16.3	10.2
8.7	23.0	15.9	2.8
10.2	24.5	17.4	4.3
10.2	25.3	17.8	30.3
9.8	25.9	17.9	2.3
11.0	25.6	18.3	0
10.9	22.6	16.8	0
13.1	23.5	18.3	0
9.5	24.5	17.0	0
8.2	24.5	16.4	0
10.5	25.0	17.8	5.5
8.4	25.0	16.7	0
9.2	24.0	16.6	0
6.3	24.7	15.5	0
7.0	24.5	15.8	0
11.2	24.6	17.9	0
9.9	25.5	17.7	0
11.9	24.2	18.1	0
13.5	23.7	18.6	0
10.5	23.7	17.1	0
11.6	23.5	17.6	0
10.4	24.0	17.2	1.4
10.4	21.0	15.7	0
7.5	24.9	16.2	0
9.4	25.5	17.5	0
8.6	24.5	16.6	0
10.7	24.3	17.5	0
8.7	24.4	16.6	0.5
9.5	24.2	16.9	0.5
8.0	24.5	16.3	3.8
7.7	25.1	16.4	0
7.2	24.6	15.9	0
9.6	24.4	17.0	0
8.2	25.0	16.6	7.6
9.7	23.7	16.7	5.9
7.6	25.4	16.5	0
10.5	25.6	18.1	0
10.8	22.5	16.7	24.5
13.1	22.5	17.8	19.9
6.1	23.2	14.7	24
6.3	23.0	14.7	0
12.0	21.6	16.8	25.7
9.4	23.8	16.6	11.1
12.7	24.0	18.4	4.4
12.8	24.3	18.6	11
13.5	23.6	18.6	13
13.3	22.8	18.1	31.6
14.0	24.3	19.2	9.6
12.4	21.7	17.1	0
10.6	22.0	16.3	0
8.4	26.0	17.2	0
11.0	28.0	19.5	0
10.9	27.6	19.3	0
13.8	27.9	20.9	0
13.6	27.2	20.4	0.5
13.5	26.4	20.0	0
10.4	27.8	19.1	0
8.9	25.6	17.3	0
7.5	26.5	17.0	0
8.2	25.0	16.6	0
8.9	25.3	17.1	0
10.1	23.8	17.0	0
6.6	27.0	16.8	0
6.4	27.3	16.9	0
5.4	28.4	16.9	0
8.0	27.3	17.7	0
7.0	27.8	17.4	0
7.5	28.0	17.8	0
11.0	27.8	19.4	0
11.4	26.5	19.0	0
9.0	27.3	18.2	0
11.8	28.0	19.9	0
7.6	28.5	18.1	0
8.1	28.4	18.3	0
7.4	27.4	17.4	0
7.6	27.8	17.7	0
7.0	27.4	17.2	0
8.6	27.0	17.8	0
8.1	27.3	17.7	0
4.2	27.2	15.7	0
3.7	28.6	16.2	0
5.2	29.0	17.1	0
9.0	29.6	19.3	0
11.5	27.5	19.5	0
8.0	28.4	18.2	0
7.9	28.2	18.1	0
9.1	28.5	18.8	0
10.2	29.1	19.7	0
5.4	29.3	17.4	0
8.7	28.6	18.7	9.1
10.1	27.9	19.0	0
9.5	28.2	18.9	0
11.5	29.0	20.3	0
10.3	28.8	19.6	0
12.9	28.6	20.8	17.1
9.0	28.7	18.9	0
9.5	28.7	19.1	0
8.1	27.8	18.0	0
8.2	16.1	12.2	0
6.1	23.5	14.8	0
10.4	26.5	18.5	0
6.0	26.2	16.1	0
5.1	25.2	15.2	0
8.4	26.7	17.6	0
7.3	26.6	17.0	0
9.1	21.1	15.1	0
11.9	23.7	17.8	0
9.2	25.0	17.1	0
9.0	26.6	17.8	0
9.9	24.8	17.4	0
8.9	26.2	17.6	0
12.5	25.8	19.2	0
8.2	26.9	17.6	0
6.6	25.6	16.1	0
9.0	26.5	17.8	0
10.7	27.2	19.0	0
9.0	27.7	18.4	0
8.0	27.8	17.9	0
8.8	27.8	18.3	0
7.8	26.7	17.3	0
8.2	23.8	16.0	0
8.5	25.4	17.0	0
9.0	21.7	15.4	0
10.5	25.3	17.9	0
8.4	22.8	15.6	0
10.3	22.7	16.5	0
8.6	23.7	16.2	0
7.7	23.6	15.7	0
10.4	20.1	15.3	0
9.7	20.7	15.2	0
9.5	23.5	16.5	17.8
13.9	24.5	19.2	6.1
11.9	24.6	18.3	0.7
11.0	22.8	16.9	0
13.0	20.6	16.8	0
13.7	21.6	17.7	5.7
11.0	21.1	16.1	2.3
13.5	21.6	17.6	3.4
12.1	22.8	17.5	19.9
12.6	22.0	17.3	0.9
14.0	22.5	18.3	0
10.9	24.6	17.8	0
11.0	21.7	16.4	0
12.5	23.0	17.8	0
11.4	21.3	16.4	0
8.5	22.9	15.7	0
10.7	24.0	17.4	0
11.4	24.0	17.7	0
12.0	24.2	18.1	0
9.9	24.6	17.3	0
9.0	22.3	15.7	0
9.4	22.2	15.8	0
10.4	21.9	16.2	5.3
13.2	22.7	18.0	7.6
14.5	23.0	18.8	14.2
14.6	24.3	19.5	3.5
12.5	23.6	18.1	0.9
12.7	24.6	18.7	4
11.6	24.4	18.0	1
13.5	24.2	18.9	4.2
13.6	24.5	19.1	35.9
13.5	23.6	18.6	12.6
12.1	24.1	18.1	11.7
13.5	24.5	19.0	33.5
11.4	23.8	17.6	7.3
12.0	24.4	18.2	17.1
13.5	24.2	18.9	16
13.5	24.3	18.9	15
11.9	23.2	17.6	10.7
13.1	23.4	18.3	35.7
13.6	23.7	18.7	0
14.1	24.6	19.4	0.4
14.8	22.5	18.7	26.3
13.4	23.1	18.3	6.5
12.7	23.3	18.0	13.2
13.7	24.3	19.0	1.6
14.1	24.0	19.1	4.6
14.8	22.1	18.5	29
14.0	22.0	18.0	3.7
13.7	21.9	17.8	0.3
12.1	21.7	16.9	0
13.4	23.2	18.3	25.2
14.4	22.8	18.6	13.9
11.6	22.1	16.9	1.8
13.1	23.1	18.1	46.6
11.9	22.8	17.4	13
13.3	22.5	17.9	0
8.8	22.5	15.7	0
9.0	22.8	15.9	0.7
11.5	23.1	17.3	0
9.5	23.7	16.6	0.6
11.5	22.3	16.9	1
11.1	21.7	16.4	0.4
13.3	20.6	17.0	0.5
11.5	21.3	16.4	1.9
10.2	22.6	16.4	0
10.8	22.4	16.6	1.2
9.8	22.3	16.1	0
9.8	21.2	15.5	0
10.0	22.9	16.5	0
8.9	22.4	15.7	8.7
12.6	22.1	17.4	6.1
11.0	20.9	16.0	0
10.3	19.7	15.0	0
10.6	21.4	16.0	0
10.0	22.1	16.1	3
12.2	21.6	16.9	0
12.5	23.0	17.8	1.9
10.5	22.2	16.4	0
11.0	19.9	15.5	19.1
13.0	22.8	17.9	3.1
13.6	20.6	17.1	1.8
12.4	19.9	16.2	11.8
13.1	21.6	17.4	16
12.0	21.7	16.9	0
11.2	21.2	16.2	8.4
13.6	21.0	17.3	11.6
12.9	22.1	17.5	10.2
10.9	22.6	16.8	4
13.4	21.5	17.5	0
9.5	22.1	15.8	0
11.0	23.3	17.2	7.8
11.2	22.4	16.8	0.4
11.4	22.1	16.8	0
9.3	23.1	16.2	5.8
12.4	22.5	17.5	1.5
15.0	22.6	18.8	11.4
11.0	23.3	17.2	5
12.3	23.3	17.8	0
12.0	20.4	16.2	0
11.8	21.1	16.5	0
9.1	20.4	14.8	4.2
9.9	22.4	16.2	1.1
11.5	24.0	17.8	2.1
12.4	23.0	17.7	5.8
10.2	21.0	15.6	8.4
12.4	24.0	18.2	0.7
10.8	23.0	16.9	5.5
12.5	22.4	17.5	1.5
11.3	22.0	16.7	0.5
11.0	22.6	16.8	0
10.1	24.5	17.3	12.8
10.2	22.4	16.3	8.2
9.5	21.3	15.4	5.1
10.7	21.0	15.9	0
10.6	20.5	15.6	0
11.3	20.8	16.1	0.4
13.7	23.5	18.6	4.5
14.4	21.8	18.1	21.6
13.6	22.9	18.3	9.4
11.6	22.0	16.8	34.6
12.0	22.2	17.1	2
9.5	21.7	15.6	1.6
11.0	21.6	16.3	0
8.6	23.3	16.0	0
9.0	22.4	15.7	7.1
11.5	21.0	16.3	0
12.8	22.4	17.6	0.4
11.5	22.9	17.2	5.7
10.1	21.9	16.0	0
11.0	23.0	17.0	0
11.5	23.0	17.3	3
13.5	23.9	18.7	0
12.2	23.7	18.0	0
10.4	22.6	16.5	3
12.0	23.6	17.8	0
9.7	23.0	16.4	0
9.1	23.0	16.1	15.1
12.5	21.9	17.2	17.1
10.0	22.7	16.4	0
10.8	23.9	17.4	5.7
13.2	25.4	19.3	0
12.3	23.9	18.1	0
10.1	25.4	17.8	5.5
11.0	22.7	16.9	44.5
11.0	22.7	16.9	5.8
12.7	24.2	18.5	0
11.8	23.4	17.6	19
9.1	24.2	16.7	16
12.5	25.2	18.9	12.8
11.0	25.7	18.4	19.1
9.9	25.6	17.8	48.8
12.2	25.6	18.9	2
14.0	26.0	20.0	3.9
11.8	25.2	18.5	15
9.6	25.4	17.5	14.4
11.1	25.5	18.3	17.2
11.7	24.9	18.3	5.2
11.1	30.0	20.6	5.3
11.9	25.3	18.6	1.1
9.3	23.1	16.2	18.4
8.9	24.6	16.8	34.5
10.3	24.4	17.4	0.4
8.9	23.9	16.4	5.6
9.1	25.6	17.4	5.3
9.9	25.3	17.6	0
8.2	24.8	16.5	0
8.3	25.2	16.8	0
9.5	25.9	17.7	2
9.9	25.8	17.9	20.1
8.8	26.8	17.8	7.2
12.9	23.7	18.3	1.1
10.5	24.4	17.5	0
10.4	25.5	18.0	0
7.5	26.2	16.9	0
8.4	25.5	17.0	0
8.7	24.2	16.5	4.1
10.2	23.6	16.9	0
9.9	25.6	17.8	0
10.0	24.9	17.5	0
11.0	26.0	18.5	0
8.8	24.8	16.8	0
6.2	25.4	15.8	0
6.0	20.6	13.3	0
8.1	22.7	15.4	0
10.3	25.7	18.0	0
9.2	26.4	17.8	0
7.8	25.0	16.4	0
8.4	24.6	16.5	0
7.9	25.3	16.6	0
8.5	25.0	16.8	0
8.9	24.6	16.8	0
8.4	23.9	16.2	4.4
10.0	24.1	17.1	3.5
10.0	24.1	17.1	3
9.5	23.4	16.5	10.9
12.4	24.0	18.2	0
9.1	26.2	17.7	0
11.1	26.4	18.8	0
9.4	26.8	18.1	0
11.5	24.6	18.1	0
12.4	26.2	19.3	0
11.3	25.6	18.5	0
8.0	26.0	17.0	0
12.2	24.5	18.4	14.1
11.6	25.4	18.5	4
11.6	26.1	18.9	0
10.0	25.9	18.0	0
12.4	25.9	19.2	0
9.6	24.5	17.1	0
10.0	23.8	16.9	0
9.3	23.5	16.4	0
11.2	25.1	18.2	0
12.9	25.2	19.1	0
12.0	26.5	19.3	0
11.6	25.2	18.4	0
12.0	24.6	18.3	0
11.0	24.2	17.6	0
7.9	25.7	16.8	0
12.8	24.2	18.5	1.5
13.6	26.2	19.9	0
11.8	25.9	18.9	0
11.6	24.9	18.3	2
12.6	24.6	18.6	0
13.7	26.3	20.0	0
10.6	25.7	18.2	0
13.6	22.9	18.3	0
13.0	24.2	18.6	0
12.2	24.6	18.4	0
12.9	22.7	17.8	0
12.0	22.2	17.1	0
9.4	24.6	17.0	0
9.0	24.6	16.8	0
10.5	23.6	17.1	0
10.9	23.2	17.1	0
11.5	23.4	17.5	0
8.9	25.6	17.3	0
13.8	26.8	20.3	0
12.1	26.1	19.1	1
11.8	26.4	19.1	0
12.5	25.0	18.8	0
11.9	25.5	18.7	0
10.6	24.7	17.7	0
12.5	25.1	18.8	0
13.6	24.4	19.0	0
12.7	24.7	18.7	0
14.5	25.0	19.8	0
10.9	26.7	18.8	0
11.1	26.4	18.8	0
11.6	25.5	18.6	0.5
14.0	23.6	18.8	0
11.1	25.3	18.2	2
10.0	24.5	17.3	0.5
10.4	27.3	18.9	0.7
10.5	25.9	18.2	0
10.5	25.1	17.8	0
7.1	25.5	16.3	0
9.2	25.0	17.1	0
10.5	21.7	16.1	5.4
13.7	23.4	18.6	36
14.0	26.5	20.3	2.2
11.0	26.7	18.9	5.5
12.5	26.0	19.3	6
14.1	26.1	20.1	0
10.0	27.0	18.5	0
11.3	23.3	17.3	0
9.4	23.1	16.3	0
5.2	24.6	14.9	0
7.5	24.5	16.0	0
6.5	24.8	15.7	0
8.1	25.4	16.8	0
7.9	26.5	17.2	0
9.2	25.6	17.4	1.3
10.0	25.6	17.8	2.4
11.0	24.5	17.8	0
9.6	23.4	16.5	0
9.6	24.0	16.8	0
8.6	25.3	17.0	0
8.4	26.1	17.3	0
7.9	26.6	17.3	0
7.9	22.6	15.3	0
6.0	25.0	15.5	0
6.5	25.4	16.0	0
9.5	26.3	17.9	0
13.1	23.0	18.1	0
10.6	22.7	16.7	0
9.0	23.6	16.3	2.4
9.1	25.5	17.3	0
11.6	25.7	18.7	0
11.5	26.0	18.8	0
11.5	26.2	18.9	0
12.9	24.2	18.6	0
10.6	25.5	18.1	0
12.4	25.2	18.8	0
9.0	25.8	17.4	0
7.4	26.6	17.0	0
8.2	27.5	17.9	0
9.7	26.8	18.3	7.9
8.6	27.4	18.0	3.4
11.7	26.4	19.1	14.5
14.8	27.8	21.3	24.9
12.9	28.1	20.5	0
11.6	27.1	19.4	0
12.5	27.4	20.0	0
9.5	26.6	18.1	0
10.3	25.1	17.7	0
10.0	23.1	16.6	0
11.6	26.6	19.1	11.9
13.2	27.4	20.3	0.5
11.0	27.1	19.1	0
12.6	27.2	19.9	0
8.4	26.2	17.3	0
8.1	26.6	17.4	0
8.5	27.5	18.0	0
9.0	27.9	18.5	0
10.0	28.5	19.3	0
9.5	29.0	19.3	0
11.0	26.7	18.9	5.9
10.3	25.1	17.7	0
10.1	25.9	18.0	0
10.8	24.6	17.7	0
9.4	24.8	17.1	0
10.3	22.2	16.3	0
10.4	22.6	16.5	0
14.9	25.8	20.4	0
8.4	27.0	17.7	0
10.4	26.7	18.6	0
7.1	27.4	17.3	0
11.1	27.2	19.2	0
9.4	27.2	18.3	0.7
10.1	27.4	18.8	0
10.4	27.0	18.7	0
13.1	27.1	20.1	0
9.6	27.8	18.7	0
10.3	27.7	19.0	0
10.5	27.0	18.8	0
8.5	29.2	18.9	15.3
12.4	26.6	19.5	2.4
13.3	25.0	19.2	0
13.4	23.8	18.6	0
10.0	27.0	18.5	0
8.7	27.1	17.9	0.8
12.5	22.5	17.5	0
12.0	20.2	16.1	0
14.4	25.0	19.7	0
13.6	26.2	19.9	0
8.5	25.1	16.8	0
8.6	21.6	15.1	0
11.0	23.0	17.0	0
10.1	22.7	16.4	0
9.7	25.2	17.5	19.2
8.7	25.6	17.2	0
12.5	24.7	18.6	0
9.2	24.0	16.6	0
11.1	23.0	17.1	25
13.3	23.7	18.5	0
13.0	23.5	18.3	0
11.3	23.5	17.4	0
10.4	24.7	17.6	0
9.0	25.8	17.4	0
9.4	25.8	17.6	0
9.5	26.5	18.0	0
12.0	25.3	18.7	0
9.9	21.5	15.7	0
11.0	24.4	17.7	0
11.3	24.5	17.9	0
11.3	24.7	18.0	0
13.0	24.2	18.6	0
11.5	24.4	18.0	1.6
12.7	24.7	18.7	0.1
15.5	24.4	20.0	0.3
12.1	23.6	17.9	0
14.6	22.7	18.7	0.1
8.0	21.1	14.6	0
16.0	22.2	19.1	5.9
15.1	21.2	18.2	43.4
13.2	21.8	17.5	1.4
12.5	23.6	18.1	0
11.4	24.5	18.0	0
11.0	25.0	18.0	19.5
13.7	24.8	19.3	25
12.8	23.5	18.2	13.5
12.9	23.1	18.0	1.2
11.1	25.5	18.3	5.7
12.8	25.0	18.9	0
14.6	25.7	20.2	15.5
14.0	25.4	19.7	9.2
13.2	25.1	19.2	33.5
14.6	24.2	19.4	0
15.1	24.4	19.8	0
11.6	24.5	18.1	0
10.4	25.0	17.7	0
10.5	25.3	17.9	0
11.0	24.8	17.9	0
12.7	25.0	18.9	0
13.8	25.0	19.4	9
12.5	25.6	19.1	49.1
12.1	25.6	18.9	0
10.6	25.5	18.1	0
10.8	24.6	17.7	1.1
11.4	25.0	18.2	25.9
11.2	20.7	16.0	0
11.0	24.0	17.5	0
9.9	23.6	16.8	9
10.4	23.6	17.0	1.1
12.5	23.9	18.2	35.7
14.0	23.8	18.9	1.5
14.5	25.2	19.9	53.6
12.2	23.5	17.9	9
12.5	24.5	18.5	0
11.2	23.8	17.5	0.8
13.3	24.1	18.7	0.5
11.8	24.8	18.3	0
11.0	24.5	17.8	0
12.7	24.0	18.4	4.5
12.6	22.3	17.5	2.9
11.5	24.4	18.0	0
11.1	23.5	17.3	0
10.1	23.1	16.6	0
10.6	22.4	16.5	0
14.0	23.9	19.0	0
10.0	22.9	16.5	0
8.5	22.4	15.5	0
10.4	22.5	16.5	0
10.0	23.6	16.8	0
8.6	22.8	15.7	0
7.8	23.0	15.4	0
8.1	23.5	15.8	0
7.8	23.0	15.4	0
7.6	23.1	15.4	0
7.9	22.9	15.4	0
7.7	23.5	15.6	0
8.0	23.6	15.8	0
7.7	23.5	15.6	0
10.0	23.3	16.7	8.7
11.5	23.3	17.4	0.4
10.8	22.7	16.8	0
8.9	23.6	16.3	0
9.0	23.8	16.4	0
8.9	23.3	16.1	3.4
9.1	22.5	15.8	0
11.0	21.8	16.4	0
8.5	22.6	15.6	0
7.9	21.1	14.5	0
9.2	23.2	16.2	0
9.0	22.6	15.8	0
6.9	23.2	15.1	0
7.8	24.5	16.2	0
9.4	24.0	16.7	0
10.4	22.7	16.6	2.3
9.6	21.5	15.6	7
11.9	21.5	16.7	2.7
11.8	22.3	17.1	0.5
11.9	19.7	15.8	3.5
10.5	22.7	16.6	6.5
13.1	21.8	17.5	34.9
13.3	21.0	17.2	3.3
12.9	22.9	17.9	0
11.3	22.4	16.9	0
11.5	22.8	17.2	0
10.5	23.4	17.0	5
10.7	23.0	16.9	0
9.2	22.6	15.9	0
8.1	22.7	15.4	0
6.5	22.4	14.5	0
7.7	21.8	14.8	0
6.3	21.0	13.7	0
7.1	23.4	15.3	0
7.2	20.8	14.0	0
8.2	21.9	15.1	0
6.9	22.5	14.7	0
9.7	22.6	16.2	0
10.0	22.9	16.5	16.7
9.4	23.2	16.3	0
9.9	21.7	15.8	5.6
10.7	22.1	16.4	0
8.2	22.2	15.2	0
9.1	22.5	15.8	0.5
8.6	23.0	15.8	10.8
11.0	23.1	17.1	8.3
10.0	23.4	16.7	0
8.5	23.0	15.8	0
9.0	22.6	15.8	13.6
12.2	21.4	16.8	0
9.1	22.9	16.0	2.2
11.1	23.7	17.4	19.6
11.1	22.7	16.9	1.2
7.5	22.0	14.8	4.5
9.0	24.7	16.9	0.8
10.7	22.0	16.4	8.3
8.2	23.2	15.7	0
8.0	23.4	15.7	0
8.3	24.6	16.5	0
8.9	23.9	16.4	12.8
9.6	24.0	16.8	0
9.6	24.0	16.8	1
11.5	23.5	17.5	1.4
9.8	24.6	17.2	0
12.5	22.3	17.4	5.2
9.6	23.8	16.7	1.6
13.4	24.5	19.0	24.8
11.1	24.6	17.9	2.1
10.1	25.6	17.9	5.5
11.8	25.0	18.4	0.8
12.1	25.1	18.6	0
11.5	25.3	18.4	8.4
12.6	25.5	19.1	2.5
13.5	23.9	18.7	2
13.1	23.9	18.5	0.1
10.3	23.7	17.0	19.4
12.7	23.9	18.3	2.5
10.5	23.2	16.9	17.5
9.5	25.8	17.7	11.6
10.0	26.2	18.1	8.7
11.0	25.4	18.2	4
11.5	25.9	18.7	13.9
11.1	25.4	18.3	1.1
12.2	24.3	18.3	21.5
10.0	23.0	16.5	0
9.1	24.1	16.6	0
11.5	22.4	17.0	0.5
9.0	23.0	16.0	0
9.8	22.7	16.3	2
10.5	20.8	15.7	21.5
9.0	21.8	15.4	0
11.5	23.0	17.3	0
8.5	25.2	16.9	0
8.0	23.5	15.8	0
7.9	24.8	16.4	0
8.0	24.5	16.3	0
8.5	26.4	17.5	1.4
8.3	26.6	17.5	3.6
7.6	26.0	16.8	0
8.1	25.4	16.8	0
7.7	25.1	16.4	0
7.5	26.6	17.1	0
10.1	26.8	18.5	0
7.4	24.0	15.7	0
7.0	25.0	16.0	0
7.2	25.1	16.2	0
8.7	24.3	16.5	7.9
13.1	23.9	18.5	2.7
13.0	24.4	18.7	0
9.2	25.8	17.5	0
8.0	24.4	16.2	0.4
11.5	24.7	18.1	0
8.7	25.4	17.1	0
9.9	25.5	17.7	0
7.9	23.6	15.8	0
9.0	25.7	17.4	0
9.5	25.4	17.5	0
10.0	24.1	17.1	0
12.4	23.9	18.2	13.5
13.3	21.2	17.3	14.5
12.8	23.6	18.2	0
12.4	23.7	18.1	3.1
12.4	24.1	18.3	3.3
12.5	24.4	18.5	1.8
12.0	22.0	17.0	0.8
13.1	21.6	17.4	11.2
12.5	24.2	18.4	8
12.9	24.1	18.5	0
9.4	19.6	14.5	0
8.0	23.1	15.6	0
8.5	23.6	16.1	0
8.0	24.7	16.4	0
8.5	25.3	16.9	5.1
9.4	24.7	17.1	0
9.0	23.8	16.4	0
9.8	22.9	16.4	0
10.7	22.5	16.6	0
9.6	24.7	17.2	0
11.0	25.7	18.4	0
12.0	23.5	17.8	0
13.0	20.4	16.7	0
11.3	22.4	16.9	0.7
12.7	24.1	18.4	0
11.1	25.1	18.1	0
8.5	23.5	16.0	0
10.8	22.0	16.4	0
9.9	21.7	15.8	0
11.4	20.5	16.0	0
10.7	22.5	16.6	0
13.0	22.9	18.0	0
8.5	23.6	16.1	14.8
13.4	22.5	18.0	0
12.6	22.5	17.6	3.2
13.5	24.5	19.0	23.7
10.7	25.1	17.9	20.2
11.8	23.8	17.8	2.2
14.0	24.3	19.2	8.4
13.4	23.1	18.3	12.5
11.8	23.0	17.4	59.8
11.1	23.0	17.1	0.2
12.0	21.8	16.9	3
13.0	21.9	17.5	5.2
13.4	24.4	18.9	0
11.5	23.9	17.7	0
11.1	23.4	17.3	0
9.0	25.2	17.1	0
10.6	25.0	17.8	0
10.0	25.5	17.8	0
10.2	20.5	15.4	0
11.5	24.6	18.1	0
10.4	25.1	17.8	0
10.5	24.4	17.5	0
11.3	25.4	18.4	0
13.1	25.4	19.3	0
11.5	24.8	18.2	2.8
9.6	26.1	17.9	8.5
10.4	23.5	17.0	8
11.0	24.7	17.9	17.4
10.5	25.0	17.8	8.1
12.0	25.1	18.6	18.7
12.6	24.7	18.7	0.8
9.0	22.9	16.0	0
12.3	23.0	17.7	0
8.7	24.1	16.4	0
11.5	24.0	17.8	0
11.0	24.1	17.6	0
11.8	26.1	19.0	0
10.9	26.0	18.5	0
9.4	26.1	17.8	0
8.6	26.8	17.7	0
8.4	25.9	17.2	0
7.6	25.6	16.6	0
10.4	25.4	17.9	0
12.6	25.4	19.0	0
12.8	24.5	18.7	0
11.0	26.1	18.6	0
11.5	25.4	18.5	0
11.7	25.4	18.6	0
10.0	25.7	17.9	0
7.5	25.6	16.6	0
15.0	27.1	21.1	0
11.4	27.6	19.5	4.3
10.9	28.0	19.5	0.5
12.4	27.1	19.8	0
10.2	26.7	18.5	0
9.1	26.7	17.9	0
10.1	26.1	18.1	16.5
13.5	25.5	19.5	0
12.2	24.5	18.4	0
9.8	25.4	17.6	0
9.3	25.7	17.5	0
7.6	26.4	17.0	0
8.2	22.5	15.4	0
7.8	25.5	16.7	0
10.0	25.4	17.7	31.1
11.1	25.7	18.4	0
10.4	26.0	18.2	0
9.1	26.4	17.8	0
7.8	27.4	17.6	0
5.0	28.2	16.6	0
6.0	26.2	16.1	0
6.4	26.6	16.5	0
7.0	27.5	17.3	0
9.0	26.5	17.8	0
8.5	26.5	17.5	0
10.6	27.0	18.8	0
8.6	27.0	17.8	0
8.9	26.7	17.8	0
9.4	27.5	18.5	0
10.3	25.5	17.9	0
9.0	26.2	17.6	0
8.7	25.8	17.3	0
9.8	27.9	18.9	0
9.6	28.1	18.9	0
7.5	27.8	17.7	0
10.0	27.8	18.9	0
9.8	29.2	19.5	0
13.0	30.0	21.5	0
11.6	28.5	20.1	0
9.0	30.6	19.8	0
9.5	28.9	19.2	0
10.7	27.8	19.3	2.2
13.9	24.6	19.3	3.2
10.2	26.5	18.4	0
9.9	28.0	19.0	27
10.2	27.3	18.8	15.2
11.4	27.5	19.5	0
12.2	28.6	20.4	0
11.9	27.0	19.5	0
9.5	28.0	18.8	0
8.2	27.5	17.9	0
7.1	27.4	17.3	0
9.3	26.9	18.1	0
10.5	27.3	18.9	0
10.2	27.1	18.7	0
10.2	28.1	19.2	0
7.5	27.3	17.4	0
7.6	26.5	17.1	0
9.7	28.6	19.2	0
11.8	25.0	18.4	0
9.5	25.4	17.5	0
4.5	25.5	15.0	0
6.5	25.9	16.2	0
9.5	26.4	18.0	0
6.2	24.1	15.2	0
8.9	24.5	16.7	0
10.8	26.1	18.5	0
7.5	26.5	17.0	0
5.0	25.3	15.2	0
7.3	26.5	16.9	0
7.6	26.9	17.3	0
10.5	26.5	18.5	0
11.1	26.4	18.8	0
6.5	26.2	16.4	0
7.5	25.9	16.7	17.1
13.5	27.8	20.7	11.5
12.6	28.1	20.4	0
14.4	26.2	20.3	0
13.5	22.7	18.1	10.2
6.8	22.1	14.5	0
5.3	24.5	14.9	0
11.6	25.7	18.7	0
10.1	24.5	17.3	0
12.4	25.8	19.1	0
14.4	25.5	20.0	0
11.8	25.5	18.7	0
12.6	25.7	19.2	0
11.6	24.8	18.2	0
13.6	26.5	20.1	1.4
12.9	26.2	19.6	0
12.1	26.3	19.2	0
10.1	25.8	18.0	14.2
11.4	25.6	18.5	28.8
13.5	25.7	19.6	30.7
13.5	26.1	19.8	0
13.8	26.2	20.0	0
11.1	26.5	18.8	9.7
14.4	26.0	20.2	41.8
13.6	27.4	20.5	0
10.4	28.1	19.3	0
12.0	25.2	18.6	7.6
12.6	19.5	16.1	0
9.0	21.0	15.0	0
9.9	24.0	17.0	0
11.5	24.3	17.9	0
11.0	24.0	17.5	0
10.6	28.1	19.4	0
8.9	23.5	16.2	0
9.1	22.6	15.9	0
7.8	23.5	15.7	0
9.8	23.2	16.5	0.5
12.2	23.0	17.6	7.2
11.5	23.0	17.3	28.8
13.0	24.9	19.0	0
13.0	24.2	18.6	6
14.9	24.2	19.6	0.4
13.2	23.7	18.5	0.4
11.8	24.1	18.0	0
12.0	22.6	17.3	0
14.0	23.9	19.0	0
14.8	24.0	19.4	0
9.5	24.6	17.1	0
10.0	24.2	17.1	0
10.9	26.0	18.5	0
11.0	24.8	17.9	3.8
14.0	20.6	17.3	0
10.2	23.2	16.7	0
11.1	21.2	16.2	0
12.0	20.7	16.4	0
13.1	19.5	16.3	0
11.3	23.5	17.4	0
10.6	20.5	15.6	0
13.3	22.4	17.9	0
11.7	22.9	17.3	46.4
14.5	23.5	19.0	3.6
14.8	23.7	19.3	4.7
10.5	23.5	17.0	34.5
12.5	23.6	18.1	3.5
10.5	24.6	17.6	8.5
7.8	24.4	16.1	15.3
11.6	24.5	18.1	11
13.9	23.9	18.9	11.6
13.0	24.0	18.5	1
11.5	23.0	17.3	20.8
12.6	22.2	17.4	13.2
12.6	24.5	18.6	0
10.4	24.9	17.7	0
11.9	23.2	17.6	0
11.7	25.4	18.6	0
10.6	24.2	17.4	23.4
11.9	23.8	17.9	15.6
13.0	25.2	19.1	3.9
14.0	21.6	17.8	1.2
11.9	22.2	17.1	1
11.5	20.5	16.0	0
12.1	22.0	17.1	0
11.4	23.4	17.4	0
13.0	22.3	17.7	44.8
12.6	22.4	17.5	22.7
12.0	23.1	17.6	54.8
13.4	22.2	17.8	1.7
12.5	21.9	17.2	27.4
13.7	19.3	16.5	1.2
13.3	21.4	17.4	1.9
12.9	23.6	18.3	28.8
11.4	22.7	17.1	1.8
13.5	24.0	18.8	14.1
12.6	23.9	18.3	0
10.4	23.3	16.9	0
10.8	22.5	16.7	0
7.7	21.9	14.8	0
8.9	22.1	15.5	0
8.9	21.4	15.2	0
9.4	22.2	15.8	0
9.0	22.9	16.0	0
9.5	22.7	16.1	0
13.0	23.6	18.3	0
12.2	22.7	17.5	12.1
10.9	23.4	17.2	0.8
9.8	23.4	16.6	0.5
10.0	23.1	16.6	0
10.5	22.8	16.7	1.5
10.1	21.4	15.8	0
10.0	18.4	14.2	0
11.4	22.9	17.2	0.1
13.6	23.9	18.8	0
13.1	22.7	17.9	7
12.5	22.2	17.4	2.8
11.6	22.4	17.0	0.5
11.1	23.4	17.3	1.9
14.0	22.6	18.3	0
11.5	22.6	17.1	0
8.9	21.7	15.3	0
11.4	23.4	17.4	7.7
11.7	19.5	15.6	0.8
12.2	18.8	15.5	2.9
11.5	22.1	16.8	0
12.1	23.6	17.9	1.6
11.1	22.7	16.9	0.4
10.7	24.0	17.4	0.4
13.1	23.9	18.5	0
12.0	23.3	17.7	13.6
11.5	22.5	17.0	0
11.0	21.9	16.5	2.4
10.5	22.1	16.3	0.3
9.5	21.4	15.5	3.5
11.0	22.2	16.6	0.4
9.0	22.9	16.0	0
9.6	22.7	16.2	0
7.7	23.6	15.7	14
8.1	22.7	15.4	6.8
8.6	23.4	16.0	0
8.6	23.4	16.0	0
9.4	23.1	16.3	0
8.3	22.8	15.6	0
7.8	21.4	14.6	15
12.6	18.4	15.5	0
9.8	22.9	16.4	4.5
10.0	23.9	17.0	2.3
9.8	22.7	16.3	0.8
12.8	22.2	17.5	16.7
12.1	22.4	17.3	27.5
11.2	23.4	17.3	6.2
9.4	22.6	16.0	1.7
11.3	22.6	17.0	7.7
11.8	21.7	16.8	0
12.1	23.4	17.8	2.7
13.7	19.5	16.6	6.3
13.1	18.8	16.0	8.5
9.7	22.1	15.9	2.4
10.5	23.6	17.1	7
13.5	22.6	18.1	0.9
11.2	22.7	17.0	1.5
10.4	22.4	16.4	0
11.6	23.3	17.5	0
9.0	23.2	16.1	0
10.8	23.5	17.2	2.2
12.8	23.8	18.3	13
10.1	24.2	17.2	15.6
9.6	24.1	16.9	4
10.0	23.5	16.8	21.6
10.6	21.5	16.1	33.7
8.3	23.7	16.0	0
8.8	23.8	16.3	5.5
10.4	22.3	16.4	9.4
11.0	23.3	17.2	0.7
8.9	22.1	15.5	6
10.7	23.3	17.0	6.4
12.1	23.1	17.6	0
9.6	22.6	16.1	0.4
11.6	23.6	17.6	0
9.6	23.0	16.3	11.8
10.2	25.4	17.8	0
8.8	24.5	16.7	3.1
9.5	22.5	16.0	17
12.6	22.4	17.5	0.8
9.7	23.3	16.5	12.1
7.7	22.9	15.3	0
6.0	23.6	14.8	0
7.2	23.0	15.1	1.4
10.5	22.6	16.6	32.2
9.1	23.0	16.1	0.3
8.8	24.5	16.7	0
8.6	24.1	16.4	0
9.5	24.3	16.9	0
12.6	23.4	18.0	10.2
9.3	23.1	16.2	5.6
13.6	20.7	17.2	4.5
13.4	22.0	17.7	0
13.6	22.1	17.9	6.3
13.2	20.6	16.9	7.6
12.8	23.0	17.9	6
13.3	22.5	17.9	2.4
13.3	23.6	18.5	12.4
12.1	22.8	17.5	10
11.5	23.7	17.6	0.5
13.2	22.7	18.0	14.7
11.7	22.7	17.2	20.6
12.2	24.0	18.1	0
9.2	24.6	16.9	0
7.9	23.8	15.9	0
9.6	24.5	17.1	0
8.2	25.8	17.0	0
8.0	26.0	17.0	0
6.4	25.5	16.0	0
6.7	24.2	15.5	0
7.9	25.3	16.6	0
7.2	26.1	16.7	0
8.5	25.5	17.0	0
12.2	25.0	18.6	0
7.3	24.3	15.8	0
9.0	23.3	16.2	0
7.5	24.8	16.2	0
8.6	25.5	17.1	0
10.3	26.1	18.2	0
10.5	25.4	18.0	0
9.0	26.1	17.6	0
6.2	26.2	16.2	0
7.9	26.2	17.1	0
9.2	25.1	17.2	2.8
9.2	24.0	16.6	3.3
10.7	23.7	17.2	3
11.0	25.2	18.1	0
10.8	23.7	17.3	1.5
12.6	23.9	18.3	0
11.0	24.2	17.6	1.4
10.2	24.8	17.5	0
11.3	25.2	18.3	0
9.4	25.5	17.5	0
9.0	24.8	16.9	0
9.5	21.7	15.6	4.3
12.1	24.9	18.5	0
13.1	25.0	19.1	0
13.2	24.7	19.0	0
13.8	25.2	19.5	0
12.0	25.3	18.7	0
13.9	25.1	19.5	0
9.8	25.6	17.7	0
9.0	26.0	17.5	0
8.0	27.2	17.6	0
8.6	26.1	17.4	2.6
8.5	24.1	16.3	0
9.5	26.3	17.9	1.9
10.6	25.9	18.3	1.7
12.2	25.8	19.0	0
11.5	24.7	18.1	14
10.7	24.0	17.4	0
10.8	24.4	17.6	0
8.6	25.0	16.8	0
8.0	25.9	17.0	0
7.0	25.8	16.4	0
10.1	22.6	16.4	0
10.3	25.6	18.0	0
11.0	23.7	17.4	0.4
12.1	25.4	18.8	0
10.5	25.1	17.8	0
11.5	26.6	19.1	0
10.0	26.7	18.4	0
9.5	25.1	17.3	0
10.0	25.8	17.9	0
12.4	25.7	19.1	0
11.2	25.6	18.4	0.9
12.0	23.5	17.8	0
12.2	24.5	18.4	0
13.0	23.3	18.2	0
10.6	23.7	17.2	0
12.8	24.7	18.8	0
12.0	25.0	18.5	0
9.6	25.3	17.5	0
10.4	25.5	18.0	0
8.0	25.8	16.9	0
9.0	26.0	17.5	0
11.7	24.6	18.2	3.8
11.1	25.2	18.2	0
9.9	24.0	17.0	0
12.6	25.3	19.0	0
11.6	25.0	18.3	0
11.5	24.7	18.1	0
6.0	24.8	15.4	0
8.5	26.6	17.6	0
14.1	26.7	20.4	0
13.7	25.7	19.7	0
11.0	25.5	18.3	0
11.6	25.9	18.8	0
8.9	24.4	16.7	0
10.1	25.2	17.7	0
9.2	26.1	17.7	0
7.1	27.4	17.3	0
8.5	27.8	18.2	0
7.7	27.7	17.7	0
7.4	27.2	17.3	0
11.8	27.0	19.4	0
9.0	27.3	18.2	0
10.2	27.3	18.8	0
8.2	28.0	18.1	0
9.6	27.7	18.7	0
10.4	26.5	18.5	0
9.6	26.2	17.9	0
9.1	26.4	17.8	0
8.3	25.4	16.9	0
10.0	25.7	17.9	0
10.6	27.0	18.8	0
14.0	25.1	19.6	0.0
9.9	25.9	17.9	0.0
10.5	26.8	18.7	0.0
11.6	26.3	19.0	0.0
11.2	25.7	18.5	0.0
8.9	25.6	17.3	0.0
10.0	27.0	18.5	0.0
7.2	27.6	17.4	0.0
7.6	28.2	17.9	0.0
10.0	27.8	18.9	0.0
9.6	25.0	17.3	0.0
10.5	25.8	18.2	5.3
9.2	27.1	18.2	0.4
10.1	27.4	18.8	2.8
12.6	26.7	19.7	1.7
10.4	25.0	17.7	31.3
11.7	24.4	18.1	0.0
11.3	25.3	18.3	0.0
9.1	26.5	17.8	0.0
10.0	26.1	18.1	0.0
9.5	20.4	15.0	1.0
10.4	24.6	17.5	0.0
12.1	25.9	19.0	0.0
11.6	26.0	18.8	0.0
8.7	26.6	17.7	0.0
11.4	26.0	18.7	0.0
8.0	27.2	17.6	0.0
10.9	28.5	19.7	0.0
11.0	26.8	18.9	0.0
10.9	25.5	18.2	0.0
11.6	24.7	18.2	0.0
11.3	26.1	18.7	0.0
11.6	27.4	19.5	0.0
9.6	26.8	18.2	0.0
11.4	26.0	18.7	0.0
12.8	26.4	19.6	0.0
11.6	27.4	19.5	0.0
13.5	28.3	20.9	0.0
11.6	27.4	19.5	0.0
8.9	26.1	17.5	0.0
11.9	27.4	19.7	0.0
10.3	28.9	19.6	0.0
9.8	29.4	19.6	0.0
11.6	24.3	18.0	0.0
11.1	27.5	19.3	2.5
10.1	27.5	18.8	0.0
8.9	27.6	18.3	0.0
10.5	29.2	19.9	0.0
10.2	29.1	19.7	0.0
9.9	27.0	18.5	0.0
10.8	28.1	19.5	0.0
9.3	29.6	19.5	0.0
11.7	28.7	20.2	0.0
9.8	28.5	19.2	0.0
12.3	27.1	19.7	4.2
10.9	23.2	17.1	0.0
11.4	25.6	18.5	19.1
13.5	25.4	19.5	0.0
11.2	26.4	18.8	30.3
13.9	18.1	16.0	13.2
13.5	25.0	19.3	22.9
14.0	22.9	18.5	15.6
14.5	18.7	16.6	15.2
13.0	24.7	18.9	0.3
11.9	23.2	17.6	9.3
13.1	25.5	19.3	0.9
12.3	26.8	19.6	14.9
13.8	24.9	19.4	0.9
10.4	26.9	18.7	0.0
9.3	26.0	17.7	0.0
9.3	26.7	18.0	0.0
10.2	26.9	18.6	0.0
10.5	26.1	18.3	0.0
9.1	26.4	17.8	0.0
11.1	27.2	19.2	0.0
9.7	27.2	18.5	6.2
10.9	26.8	18.9	0.0
10.4	26.0	18.2	0.0
10.6	26.4	18.5	0.0
11.0	26.9	19.0	0.0
10.0	27.2	18.6	0.0
12.1	27.5	19.8	0.0
11.3	24.9	18.1	15.9
12.9	25.3	19.1	0.0
13.1	25.4	19.3	0.0
11.9	25.4	18.7	0.0
8.4	26.7	17.6	0.0
8.2	26.1	17.2	0.0
10.6	24.8	17.7	7.0
12.4	26.1	19.3	2.8
11.4	26.0	18.7	8.9
13.9	24.6	19.3	0.0
13.1	23.4	18.3	25.7
13.6	21.9	17.8	15.6
13.4	21.6	17.5	14.8
13.0	21.2	17.1	5.4
13.4	22.9	18.2	2.3
13.5	24.4	19.0	3.0
13.4	24.1	18.8	0.0
14.2	23.7	19.0	0.0
10.5	24.2	17.4	0.0
13.5	24.6	19.1	0.0
12.9	24.8	18.9	0.0
12.0	25.8	18.9	0.0
11.6	26.3	19.0	0.0
11.0	26.0	18.5	1.7
12.0	24.2	18.1	0.0
13.1	24.1	18.6	0.3
11.1	23.9	17.5	1.1
11.3	24.2	17.8	16.9
13.4	24.0	18.7	0.0
13.5	24.4	19.0	6.1
11.5	24.1	17.8	0.3
14.0	22.0	18.0	3.9
11.5	24.4	18.0	1.2
11.7	24.3	18.0	0.3
11.8	23.7	17.8	0.0
10.4	24.6	17.5	0.0
11.6	24.5	18.1	0.0
12.1	24.5	18.3	0.0
11.4	25.1	18.3	0.0
13.0	22.4	17.7	0.2
14.5	22.1	18.3	0.9
11.5	22.8	17.2	0.0
12.0	25.1	18.6	0.0
11.0	24.8	17.9	0.0
11.4	25.3	18.4	0.0
12.8	24.7	18.8	0.0
10.9	23.6	17.3	0.2
10.6	24.4	17.5	3.5
11.4	23.7	17.6	0.0
11.0	24.5	17.8	0.0
10.6	23.8	17.2	0.0
12.9	21.0	17.0	0.2
11.6	25.4	18.5	1.6
10.9	22.4	16.7	0.1
10.4	24.6	17.5	4.3
9.7	24.6	17.2	0.0
11.4	24.4	17.9	0.0
11.1	24.2	17.7	0.0
8.8	25.0	16.9	0.0
10.0	26.8	18.4	0.0
11.0	24.4	17.7	0.0
13.0	23.9	18.5	0.0
10.2	23.2	16.7	12.6
10.6	24.3	17.5	0.0
11.1	24.6	17.9	0.0
10.0	24.9	17.5	12.6
13.1	24.6	18.9	3.9
12.2	23.5	17.9	0.2
11.0	24.3	17.7	0.0
11.6	23.5	17.6	8.6
14.1	24.1	19.1	0.0
12.6	23.4	18.0	0.0
10.9	24.2	17.6	4.7
9.0	23.6	16.3	0.0
8.9	24.4	16.7	0.0
10.4	22.7	16.6	10.2
9.6	25.1	17.4	0.0
9.5	24.2	16.9	0.0
8.5	24.8	16.7	0.0
8.5	25.2	16.9	0.7
9.2	23.0	16.1	0.0
8.8	23.5	16.2	0.0
12.6	21.8	17.2	0.0
9.8	25.3	17.6	0.0
10.2	25.1	17.7	0.0
8.3	24.4	16.4	0.0
10.0	22.7	16.4	1.1
12.8	23.0	17.9	8.7
11.7	22.4	17.1	5.4
8.5	23.5	16.0	6.2
9.0	23.2	16.1	0.0
9.5	23.2	16.4	10.9
13.2	22.7	18.0	0.5
10.5	22.9	16.7	0.2
8.6	23.1	15.9	39.7
13.2	22.0	17.6	0.8
13.3	22.2	17.8	4.7
12.6	21.5	17.1	7.8
12.5	23.6	18.1	0.0
11.4	23.0	17.2	0.0
10.5	22.9	16.7	2.3
12.3	22.8	17.6	1.9
12.8	23.6	18.2	0.0
11.8	23.8	17.8	0.0
11.9	23.1	17.5	25.7
13.1	21.5	17.3	8.7
13.8	20.9	17.4	0.0
13.2	21.2	17.2	18.7
10.5	22.1	16.3	0.0
13.1	22.2	17.7	0.0
10.8	21.6	16.2	0.0
8.9	22.3	15.6	2.3
12.8	23.4	18.1	2.5
9.2	22.7	16.0	0.0
10.1	22.9	16.5	0.0
8.4	23.7	16.1	0.0
7.9	23.6	15.8	0.0
8.6	24.5	16.6	0.0
9.6	23.7	16.7	9.4
13.9	22.2	18.1	0.0
9.7	23.5	16.6	0.0
11.0	24.2	17.6	0.0
11.1	24.4	17.8	0.0
10.7	21.6	16.2	1.7
9.7	23.4	16.6	5.4
9.9	22.8	16.4	7.8
11.5	20.4	16.0	0.0
13.3	20.6	17.0	5.6
13.0	19.8	16.4	13.9
12.5	20.8	16.7	7.8
9.6	22.9	16.3	1.6
9.9	25.5	17.7	3.0
11.3	22.2	16.8	26.9
12.9	19.6	16.3	0.6
13.2	18.4	15.8	28.3
10.5	20.3	15.4	28.0
12.9	18.0	15.5	6.5
12.0	21.4	16.7	18.7
10.5	22.4	16.5	30.8
12.5	20.7	16.6	0.8
12.1	23.3	17.7	1.2
9.9	24.1	17.0	0.0
11.5	23.5	17.5	4.7
9.4	23.0	16.2	4.3
9.4	22.7	16.1	4.3
10.7	23.8	17.3	16.7
13.4	23.0	18.2	12.4
10.2	23.2	16.7	0.0
9.2	23.7	16.5	5.3
10.7	23.6	17.2	4.8
10.5	23.6	17.1	0.0
10.0	23.5	16.8	0.0
10.0	24.4	17.2	3.1
11.6	24.5	18.1	4.7
11.0	23.9	17.5	4.7
12.5	23.6	18.1	17.3
11.6	24.2	17.9	18.8
9.0	23.3	16.2	0.0
9.5	23.0	16.3	0.0
8.9	23.5	16.2	0.0
8.5	24.1	16.3	6.8
9.5	24.2	16.9	0.0
11.5	23.6	17.6	0.0
10.0	23.7	16.9	0.0
6.7	23.1	14.9	0.0
8.6	23.6	16.1	0.0
10.0	24.2	17.1	2.6
9.3	23.5	16.4	8.6
10.6	22.7	16.7	16.3
9.8	22.8	16.3	0.0
8.4	23.2	15.8	17.5
12.8	22.7	17.8	0.0
9.5	22.6	16.1	0.0
8.5	23.2	15.9	0.0
8.5	23.2	15.9	3.1
10.6	24.2	17.4	0.0
9.0	23.4	16.2	1.9
9.9	23.1	16.5	13.2
13.5	23.3	18.4	0.3
13.2	22.9	18.1	0.0
10.4	24.0	17.2	7.6
11.8	23.6	17.7	2.3
13.6	25.2	19.4	0.0
12.3	22.5	17.4	0.0
11.2	24.0	17.6	0.0
9.2	24.2	16.7	0.0
8.9	25.4	17.2	0.0
9.2	24.3	16.8	2.6
9.9	25.6	17.8	0.0
9.8	24.1	17.0	0.0
9.5	25.4	17.5	0.0
9.8	24.5	17.2	1.6
9.0	24.5	16.8	0.0
8.6	25.2	16.9	0.0
10.0	26.4	18.2	0.4
10.4	25.6	18.0	3.9
10.2	26.4	18.3	0.0
10.2	25.2	17.7	0.0
7.6	26.7	17.2	0.0
11.0	25.7	18.4	0.0
9.1	25.6	17.4	0.0
9.1	26.2	17.7	0.0
9.6	25.2	17.4	0.0
8.8	23.9	16.4	0.0
7.7	24.2	16.0	0.0
7.5	25.1	16.3	0.0
10.7	25.7	18.2	0.0
10.1	25.6	17.9	0.0
10.2	25.4	17.8	0.0
9.6	25.8	17.7	0.0
11.0	25.2	18.1	0.0
13.0	24.4	18.7	0.0
12.4	22.6	17.5	0.0
14.1	21.6	17.9	8.9
12.5	21.6	17.1	0.4
13.0	24.2	18.6	0.0
9.7	24.4	17.1	1.7
9.8	24.7	17.3	15.2
9.6	24.8	17.2	0.0
12.8	22.5	17.7	6.5
12.8	25.3	19.1	7.0
12.1	23.7	17.9	0.0
13.2	23.7	18.5	0.0
12.0	21.8	16.9	0.0
9.3	23.4	16.4	0.0
11.5	24.0	17.8	0.0
9.5	24.7	17.1	0.0
12.1	24.7	18.4	0.0
10.3	25.0	17.7	0.6
13.4	23.5	18.5	2.5
11.4	23.7	17.6	0.0
12.5	23.5	18.0	0.0
12.4	23.5	18.0	0.0
10.3	23.5	16.9	0.0
11.8	22.9	17.4	0.0
12.5	23.6	18.1	0.0
10.8	22.9	16.9	3.7
14.0	23.6	18.8	3.3
11.5	23.1	17.3	0.0
12.4	23.6	18.0	10.6
12.0	23.2	17.6	10.4
11.9	23.0	17.5	35.0
12.4	21.1	16.8	37.7
12.5	23.8	18.2	19.4
13.0	19.8	16.4	0.0
10.8	20.7	15.8	0.8
12.9	22.7	17.8	14.0
13.0	23.2	18.1	11.9
12.9	18.1	15.5	5.4
12.5	22.7	17.6	28.0
13.7	24.1	18.9	2.5
13.3	19.7	16.5	1.2
12.5	22.0	17.3	8.1
11.6	21.7	16.7	0.0
8.9	22.2	15.6	0.0
10.0	23.6	16.8	0.0
10.7	23.9	17.3	0.0
12.2	24.5	18.4	3.0
12.4	24.0	18.2	0.0
10.9	22.8	16.9	0.0
8.4	22.6	15.5	0.0
8.8	22.1	15.5	0.0
12.1	22.5	17.3	0.0
8.7	22.8	15.8	0.0
12.2	24.6	18.4	3.2
13.7	23.8	18.8	0.0
10.3	22.6	16.5	0.0
12.9	23.1	18.0	0.0
7.8	23.2	15.5	0.0
9.1	24.0	16.6	0.8
8.4	24.4	16.4	12.6
12.2	23.8	18.0	0.0
10.5	23.5	17.0	1.6
10.2	23.0	16.6	0.0
13.8	21.8	17.8	6.9
13.3	22.2	17.8	7.2
14.1	22.8	18.5	8.0
11.6	19.7	15.7	0.5
13.9	22.3	18.1	81.5
13.5	22.7	18.1	10.8
12.2	18.0	15.1	9.2
12.8	21.0	16.9	4.0
12.1	18.7	15.4	4.6
10.0	21.8	15.9	0.5
10.3	22.4	16.4	0.0
12.2	23.0	17.6	0.0
13.2	21.6	17.4	1.3
11.3	22.1	16.7	0.0
8.7	23.2	16.0	0.0
7.4	24.6	16.0	0.0
7.0	25.0	16.0	0.0
7.9	24.1	16.0	0.0
7.4	23.5	15.5	0.0
8.5	24.9	16.7	0.0
8.7	23.6	16.2	0.0
12.4	23.1	17.8	0.0
12.0	23.8	17.9	1.4
11.0	24.7	17.9	0.0
9.6	24.8	17.2	0.0
10.9	25.3	18.1	0.0
11.0	24.7	17.9	0.0
11.5	24.7	18.1	0.0
10.2	24.5	17.4	0.0
11.9	24.1	18.0	0.0
7.4	25.1	16.3	0.0
6.6	24.5	15.6	0.0
9.4	25.2	17.3	0.0
8.4	25.7	17.1	0.0
10.7	25.2	18.0	0.0
9.1	26.5	17.8	0.0
9.4	26.6	18.0	0.0
9.9	25.4	17.7	0.0
9.0	24.7	16.9	0.0
13.3	19.3	16.3	0.0
13.2	23.7	18.5	0.0
13.5	23.7	18.6	6.7
13.3	24.0	18.7	24.9
13.7	24.8	19.3	18.7
12.4	23.1	17.8	9.3
12.7	24.1	18.4	0.0
11.9	24.6	18.3	0.0
10.4	25.2	17.8	0.0
10.5	25.2	17.9	0.0
10.3	25.3	17.8	4.7
10.5	25.1	17.8	6.2
11.4	23.3	17.4	4.7
10.1	24.3	17.2	4.7
10.8	24.4	17.6	0.0
9.4	25.1	17.3	0.0
8.4	24.8	16.6	0.0
6.1	25.0	15.6	0.0
8.2	24.4	16.3	0.0
10.5	24.7	17.6	0.0
6.8	25.0	15.9	0.0
10.6	24.9	17.8	0.0
7.8	24.7	16.3	0.0
7.5	26.6	17.1	0.0
9.3	25.7	17.5	0.0
10.5	23.6	17.1	12.1
9.6	22.7	16.2	0.8
9.9	23.0	16.5	16.3
10.3	23.2	16.8	7.8
9.5	24.7	17.1	0.0
11.4	24.5	18.0	0.0
8.9	24.7	16.8	0.0
11.2	25.6	18.4	0.0
8.7	25.6	17.2	0.0
11.7	25.6	18.7	0.0
7.0	26.2	16.6	0.0
7.4	25.8	16.6	0.0
8.4	26.8	17.6	0.0
8.4	26.3	17.4	7.8
9.4	24.4	16.9	0.0
11.4	25.5	18.5	0.0
7.9	26.1	17.0	0.0
8.5	27.1	17.8	0.0
8.0	25.8	16.9	0.0
10.0	26.5	18.3	0.6
11.0	26.5	18.8	0.1
9.0	25.6	17.3	0.4
11.1	24.0	17.6	17.9
12.5	25.5	19.0	0.0
12.9	25.2	19.1	0.0
10.0	26.3	18.2	0.0
11.5	26.3	18.9	0.0
12.2	24.5	18.4	0.0
10.8	24.6	17.7	0.0
10.1	25.1	17.6	0.0
8.8	26.1	17.5	0.0
9.4	25.6	17.5	0.0
10.9	25.9	18.4	0.0
9.4	25.9	17.7	0.0
10.0	26.3	18.2	0.0
9.8	26.2	18.0	0.0
13.0	26.0	19.5	0.0
11.9	26.1	19.0	0.0
8.5	27.1	17.8	0.0
7.9	26.7	17.3	0.0
9.1	26.5	17.8	0.0
14.9	26.6	20.8	0.0
9.4	26.6	18.0	0.0
8.9	27.5	18.2	0.0
11.7	25.1	18.4	0.1
14.1	22.1	18.1	7.0
12.6	23.1	17.9	17.1
11.1	24.2	17.7	7.0
13.5	22.9	18.2	2.3
11.9	23.1	17.5	3.3
11.3	22.1	16.7	24.9
12.5	24.1	18.3	2.3
13.4	24.0	18.7	19.0
12.5	24.4	18.5	3.9
13.2	24.7	19.0	17.1
12.9	24.4	18.7	0.0
11.2	24.8	18.0	0.0
10.4	25.1	17.8	0.0
9.5	24.9	17.2	0.0
11.6	23.5	17.6	0.0
11.6	24.6	18.1	0.0
11.4	24.6	18.0	0.0
10.3	25.0	17.7	0.0
8.3	26.5	17.4	0.0
9.9	24.4	17.2	0.3
10.7	25.8	18.3	0.0
9.7	25.6	17.7	0.0
10.1	26.1	18.1	0.0
11.4	26.2	18.8	0.0
12.4	25.8	19.1	0.0
10.2	25.2	17.7	11.7
12.1	25.5	18.8	6.7
10.2	26.3	18.3	0.0
10.2	26.0	18.1	0.0
10.4	25.8	18.1	0.0
10.1	26.4	18.3	0.0
9.6	26.2	17.9	0.0
10.4	25.1	17.8	4.7
12.6	24.4	18.5	15.6
12.5	24.6	18.6	0.5
13.3	25.1	19.2	8.9
13.9	20.6	17.3	8.2
11.7	24.4	18.1	11.7
10.0	26.0	18.0	0.0
8.6	24.0	16.3	0.0
6.7	24.9	15.8	0.0
7.0	26.0	16.5	0.0
8.1	24.9	16.5	0.0
8.2	26.1	17.2	0.0
9.0	23.4	16.2	17.1
13.0	22.5	17.8	20.2
12.6	23.6	18.1	0.0
10.0	24.5	17.3	0.0
9.7	25.1	17.4	0.0
10.1	23.7	16.9	2.7
12.6	22.1	17.4	26.0
12.7	22.0	17.4	0.0
12.0	22.7	17.4	19.4
11.7	23.5	17.6	0.0
12.2	24.3	18.3	0.0
11.2	24.3	17.8	0.0
12.4	23.2	17.8	4.7
13.1	23.5	18.3	0.0
12.1	23.1	17.6	5.4
11.0	22.7	16.9	15.2
13.1	18.8	16.0	0.8
11.5	18.0	14.8	16.3
11.2	22.2	16.7	3.1
10.8	22.4	16.6	1.2
12.8	20.2	16.5	0.0
12.3	23.3	17.8	15.1
13.4	18.6	16.0	1.6
8.7	22.9	15.8	53.6
12.3	21.2	16.8	0.0
10.0	22.2	16.1	0.0
11.0	22.1	16.6	0.0
9.3	22.1	15.7	0.0
8.9	22.1	15.5	0.8
13.1	20.8	17.0	0.0
12.9	20.2	16.6	8.6
14.0	20.2	17.1	15.4
10.4	22.2	16.3	0.0
12.2	22.0	17.1	0.9
9.7	23.3	16.5	16.0
10.3	23.0	16.7	0.0
13.9	23.5	18.7	2.3
13.1	22.2	17.7	14.5
10.4	20.6	15.5	0.0
10.2	21.7	16.0	13.6
12.9	19.5	16.2	0.0
12.3	19.7	16.0	1.2
12.4	19.9	16.2	8.6
12.7	18.2	15.5	8.7
9.3	22.4	15.9	0.0
7.8	22.4	15.1	0.0
13.1	21.4	17.3	9.8
12.7	21.8	17.3	0.1
8.0	23.3	15.7	0.0
8.4	22.8	15.6	0.0
9.0	22.4	15.7	0.0
8.4	22.9	15.7	0.0
9.4	22.4	15.9	0.0
9.6	21.4	15.5	3.1
10.7	20.1	15.4	5.3
12.3	23.2	17.8	21.0
9.3	20.8	15.1	12.2
8.0	21.8	14.9	0.0
8.0	23.0	15.5	10.1
8.0	22.3	15.2	7.9
10.8	23.2	17.0	11.3
11.3	21.9	16.6	0.0
10.7	22.4	16.6	7.5
8.0	23.1	15.6	0.0
8.8	22.0	15.4	18.7
10.3	22.1	16.2	0.0
10.6	25.3	18.0	3.5
13.4	21.5	17.5	11.3
12.6	20.2	16.4	11.7
11.5	22.3	16.9	0.0
9.0	22.3	15.7	0.0
10.0	21.7	15.9	5.1
11.4	20.5	16.0	0.0
12.0	22.5	17.3	21.0
11.2	22.5	16.9	0.6
13.4	20.5	17.0	15.9
12.9	22.7	17.8	5.6
10.6	21.0	15.8	12.0
12.8	21.9	17.4	0.8
11.3	21.3	16.3	0.9
10.5	22.9	16.7	5.8
9.4	21.5	15.5	4.7
9.3	22.6	16.0	3.9
10.1	22.2	16.2	19.4
12.4	22.1	17.3	16.5
11.0	23.5	17.3	0.9
8.6	22.0	15.3	0.0
7.9	22.9	15.4	7.0
8.8	22.6	15.7	0.0
10.1	22.5	16.3	1.7
9.0	22.5	15.8	0.0
9.4	22.1	15.8	0.0
9.9	23.6	16.8	0.0
8.4	22.4	15.4	6.5
12.4	23.3	17.9	0.0
10.7	21.6	16.2	2.3
12.6	22.2	17.4	0.0
10.3	23.4	16.9	0.0
13.4	22.3	17.9	2.8
12.1	22.4	17.3	1.9
11.5	22.0	16.8	6.8
11.8	22.3	17.1	10.5
11.7	21.6	16.7	33.8
12.7	17.4	15.1	5.4
12.5	22.4	17.5	10.1
9.7	22.0	15.9	3.9
9.6	22.4	16.0	2.3
12.1	21.9	17.0	3.5
10.7	22.7	16.7	8.6
12.0	22.0	17.0	0.8
9.6	21.5	15.6	0.0
11.9	19.0	15.5	33.4
12.4	21.2	16.8	1.6
10.7	20.4	15.6	7.8
13.2	21.3	17.3	9.3
10.2	23.0	16.6	0.0
10.4	24.3	17.4	0.0
12.3	25.6	19.0	0.0
8.4	24.8	16.6	0.0
8.4	25.4	16.9	0.0
8.6	23.7	16.2	5.1
10.4	22.9	16.7	8.2
9.4	24.4	16.9	17.9
9.4	23.3	16.4	9.3
13.2	23.9	18.6	1.9
12.1	24.3	18.2	0.0
9.3	23.8	16.6	0.0
9.1	23.7	16.4	0.0
8.4	25.1	16.8	2.8
6.4	22.4	14.4	0.8
8.9	23.2	16.1	7.8
10.1	23.6	16.9	0.0
9.0	24.8	16.9	0.0
9.8	24.1	17.0	0.0
10.1	24.1	17.1	0.0
11.4	23.3	17.4	0.0
12.6	23.4	18.0	0.0
10.9	24.5	17.7	0.0
9.5	23.5	16.5	0.0
10.6	23.7	17.2	0.0
10.4	23.6	17.0	0.0
9.1	24.2	16.7	0.0
10.4	24.0	17.2	0.0
8.6	24.1	16.4	0.0
7.4	23.9	15.7	0.0
7.1	24.7	15.9	0.0
6.9	25.0	16.0	0.0
9.0	25.6	17.3	0.0
8.7	24.6	16.7	0.0
7.2	24.9	16.1	0.0
9.7	24.0	16.9	0.8
11.1	23.4	17.3	0.3
11.1	23.8	17.5	0.0
11.0	23.5	17.3	0.0
12.9	22.7	17.8	0.0
9.8	20.1	15.0	0.0
8.9	24.3	16.6	0.5
6.6	23.8	15.2	0.0
7.9	24.8	16.4	0.0
8.6	24.9	16.8	0.3
10.5	24.8	17.7	0.0
11.0	25.0	18.0	0.0
12.3	25.2	18.8	0.0
11.7	20.2	16.0	8.6
12.8	24.4	18.6	0.0
9.1	24.4	16.8	0.0
9.4	25.2	17.3	0.0
9.3	24.4	16.9	0.0
10.5	24.0	17.3	1.2
10.7	24.9	17.8	0.0
14.2	23.2	18.7	0.0
12.7	22.6	17.7	0.0
11.2	23.1	17.2	0.0
11.4	24.1	17.8	0.0
8.6	25.2	16.9	0.0
12.5	23.4	18.0	0.0
8.6	24.5	16.6	0.0
10.4	24.3	17.4	0.0
8.3	24.4	16.4	0.0
8.6	24.5	16.6	0.0
10.8	24.4	17.6	0.0
10.4	22.6	16.5	0.0
10.4	23.4	16.9	0.0
11.0	23.8	17.4	0.0
8.6	24.1	16.4	0.0
6.5	24.0	15.3	0.0
7.6	23.8	15.7	0.0
6.6	23.6	15.1	0.0
7.8	20.8	14.3	0.0
11.5	22.4	17.0	0.0
11.3	24.6	18.0	0.0
8.1	23.6	15.9	0.0
10.0	24.7	17.4	0.0
8.0	23.1	15.6	0.0
5.2	23.1	14.2	0.0
7.9	23.0	15.5	0.0
12.0	24.4	18.2	0.0
11.8	24.6	18.2	0.6
10.9	25.0	18.0	0.0
7.6	24.6	16.1	0.0
10.4	25.0	17.7	0.0
10.3	24.6	17.5	0.0
8.9	25.0	17.0	0.0
7.9	26.0	17.0	0.0
5.7	26.1	15.9	0.0
5.2	26.6	15.9	0.0
6.1	25.5	15.8	0.0
3.7	26.2	15.0	0.0
6.5	25.3	15.9	0.0
6.2	24.5	15.4	0.0
10.6	24.7	17.7	0.0
10.7	24.5	17.6	0.0
8.9	24.8	16.9	0.0
7.2	25.9	16.6	0.0
7.7	26.2	17.0	0.0
9.0	25.7	17.4	0.0
11.6	25.5	18.6	0.0
8.2	25.5	16.9	0.0
7.8	25.6	16.7	0.0
6.9	25.7	16.3	0.0
10.9	25.0	18.0	0.0
11.6	23.7	17.7	0.0
8.0	24.9	16.5	0.0
8.4	25.3	16.9	0.0
5.9	26.2	16.1	0.0
9.1	26.8	18.0	0.0
9.8	25.6	17.7	0.0
5.6	25.7	15.7	0.0
5.6	26.2	15.9	0.0
5.9	25.3	15.6	0.0
7.9	24.3	16.1	0.0
11.4	24.8	18.1	0.0
12.1	24.9	18.5	0.0
13.1	25.4	19.3	0.0
14.2	25.0	19.6	0.4
11.2	24.5	17.9	0.0
10.0	21.0	15.5	0.0
10.1	24.0	17.1	0.8
12.4	20.5	16.5	0.0
9.7	22.9	16.3	0.0
10.0	23.2	16.6	0.0
12.1	24.0	18.1	0.0
9.4	25.7	17.6	0.0
5.7	25.7	15.7	0.0
7.9	25.2	16.6	0.0
6.7	26.4	16.6	0.0
7.5	25.8	16.7	0.0
9.1	21.5	15.3	0.4
10.6	25.4	18.0	0.0
8.6	25.6	17.1	0.0
8.7	26.7	17.7	0.0
6.2	26.2	16.2	0.0
8.5	24.6	16.6	0.0
8.4	25.1	16.8	0.0
4.8	25.2	15.0	0.0
7.0	25.9	16.5	0.0
7.2	27.1	17.2	0.0
8.0	24.9	16.5	2.3
10.1	23.6	16.9	14.0
10.8	23.7	17.3	14.4
8.2	25.1	16.7	0.0
7.9	25.2	16.6	2.3
8.5	23.5	16.0	0.0
8.3	23.8	16.1	0.0
7.5	24.2	15.9	0.0
9.5	25.2	17.4	3.5
12.4	26.5	19.5	0.0
7.9	26.0	17.0	0.0
9.0	25.6	17.3	0.0
8.4	25.7	17.1	0.0
10.6	25.7	18.2	0.0
8.0	25.9	17.0	0.0
8.6	25.2	16.9	0.0
9.4	25.6	17.5	0.0
9.5	25.0	17.3	0.0
7.9	25.2	16.6	0.0
7.8	25.6	16.7	0.0
6.4	26.3	16.4	0.0
7.2	26.3	16.8	0.0
8.1	25.9	17.0	0.0
8.2	25.7	17.0	0.0
6.5	25.8	16.2	0.0
6.6	26.0	16.3	0.0
5.7	26.6	16.2	0.0
6.1	27.4	16.8	0.6
8.4	26.7	17.6	0.0
10.6	26.3	18.5	0.0
14.2	24.9	19.6	0.0
12.6	22.1	17.4	0.0
10.9	25.9	18.4	0.0
8.1	25.8	17.0	0.0
8.1	25.7	16.9	0.0
6.9	26.8	16.9	0.0
6.7	27.4	17.1	0.0
11.0	25.6	18.3	10.1
9.4	24.5	17.0	3.3
10.4	25.8	18.1	0.0
8.0	26.3	17.2	0.0
7.1	26.3	16.7	0.0
10.4	25.9	18.2	1.7
11.9	22.0	17.0	5.4
9.9	25.0	17.5	0.0
11.2	24.8	18.0	3.9
13.0	21.5	17.3	5.3
12.4	22.7	17.6	0.0
11.5	26.6	19.1	2.0
11.5	26.4	19.0	0.0
13.0	24.3	18.7	0.0
13.1	20.0	16.6	16.6
13.3	23.0	18.2	3.5
13.1	23.3	18.2	23.9
9.2	23.3	16.3	0.5
9.6	23.6	16.6	0.0
6.6	23.9	15.3	0.0
11.4	24.4	17.9	0.0
10.4	24.0	17.2	0.0
6.6	24.5	15.6	0.0
8.0	24.8	16.4	0.0
8.0	24.8	16.4	0.0
8.6	25.3	17.0	0.0
8.4	26.4	17.4	0.0
13.2	23.1	18.2	0.0
11.2	22.8	17.0	21.0
11.4	22.8	17.1	22.2
10.6	22.8	16.7	0.0
12.2	24.0	18.1	16.1
9.8	24.0	16.9	0.0
11.0	23.3	17.2	2.3
10.5	22.2	16.4	0.0
10.7	24.4	17.6	0.0
14.1	24.0	19.1	0.0
11.5	23.2	17.4	7.8
13.1	22.8	18.0	17.9
13.4	20.8	17.1	12.8
11.9	21.8	16.9	0.0
10.5	22.0	16.3	0.0
12.8	22.4	17.6	0.0
9.8	21.7	15.8	0.0
10.2	22.5	16.4	0.0
10.4	23.6	17.0	0.0
9.2	24.3	16.8	0.0
9.8	24.7	17.3	4.7
10.2	24.2	17.2	0.0
9.4	25.4	17.4	0.0
8.2	24.0	16.1	0.0
9.0	23.6	16.3	0.0
8.6	23.4	16.0	0.0
8.5	25.4	17.0	2.5
10.9	24.9	17.9	0.0
11.8	24.7	18.3	0.0
9.4	25.1	17.3	0.0
9.2	25.0	17.1	0.0
9.9	25.5	17.7	20.6
11.4	24.5	18.0	5.6
9.7	25.1	17.4	0.0
10.8	24.7	17.8	0.0
8.7	23.8	16.3	0.0
8.7	24.1	16.4	2.2
9.0	24.0	16.5	0.0
10.4	24.9	17.7	19.0
12.4	23.1	17.8	15.7
13.7	22.0	17.9	0.0
8.6	23.0	15.8	0.0
7.6	23.5	15.6	0.0
9.4	23.7	16.6	0.0
9.7	23.6	16.7	5.3
9.9	23.2	16.6	1.0
9.0	23.7	16.4	0.0
8.1	23.6	15.9	0.0
9.2	23.6	16.4	18.9
13.6	21.4	17.5	16.3
9.4	22.5	16.0	0.0
12.6	23.4	18.0	1.2
9.1	24.2	16.7	0.0
12.7	22.4	17.6	10.3
12.4	22.3	17.4	3.1
10.0	23.1	16.6	0.0
10.4	22.7	16.6	19.4
12.8	20.9	16.9	1.2
12.0	20.7	16.4	8.0
12.2	22.8	17.5	1.4
12.9	23.0	18.0	1.4
12.9	21.2	17.1	0.2
11.9	20.8	16.4	1.6
10.5	23.0	16.8	0.0
9.2	21.0	15.1	0.0
8.4	20.8	14.6	0.0
7.6	22.8	15.2	0.0
6.1	22.7	14.4	0.0
10.0	23.6	16.8	5.4
9.9	20.8	15.4	0.0
10.8	20.8	15.8	21.8
10.0	20.4	15.2	10.0
10.3	21.6	16.0	11.7
11.5	21.6	16.6	0.0
8.2	22.3	15.3	0.0
8.2	22.4	15.3	0.0
8.6	22.6	15.6	0.0
7.9	22.5	15.2	0.0
7.3	22.4	14.9	0.0
6.9	23.0	15.0	0.0
9.3	22.0	15.7	3.3
8.5	23.4	16.0	0.8
10.4	22.4	16.4	0.0
9.2	23.5	16.4	0.0
8.5	22.3	15.4	4.8
11.8	21.4	16.6	0.0
11.1	22.3	16.7	0.0
9.3	23.3	16.3	3.1
10.3	21.4	15.9	59.1
8.4	22.3	15.4	13.4
7.7	22.0	14.9	24.1
9.6	21.0	15.3	35.5
10.9	21.0	16.0	4.4
12.1	20.4	16.3	0.4
9.1	22.0	15.6	0.0
9.0	20.4	14.7	20.8
9.3	21.6	15.5	0.0
7.5	21.7	14.6	0.0
7.8	22.0	14.9	2.6
9.3	21.7	15.5	19.4
10.6	20.7	15.7	4.1
11.7	20.7	16.2	2.2
11.7	21.5	16.6	0.0
10.6	22.4	16.5	0.0
8.7	21.5	15.1	0.0
11.4	19.6	15.5	5.1
8.5	20.7	14.6	0.3
12.5	21.2	16.9	23.7
8.5	21.1	14.8	20.8
10.4	21.7	16.1	8.6
11.9	21.9	16.9	9.1
11.7	19.7	15.7	15.3
11.9	19.9	15.9	2.1
12.1	21.7	16.9	1.3
11.2	21.1	16.2	6.8
9.1	21.7	15.4	26.7
11.9	19.6	15.8	0.5
12.4	20.6	16.5	0.0
9.1	23.0	16.1	1.4
8.9	21.2	15.1	1.3
10.6	20.6	15.6	4.4
11.6	22.2	16.9	0.0
10.0	23.4	16.7	1.3
10.4	22.2	16.3	0.2
10.6	21.7	16.2	0.0
9.5	22.9	16.2	0.0
8.5	21.8	15.2	14.0
9.4	22.3	15.9	31.9
8.7	22.4	15.6	0.0
11.2	22.3	16.8	0.4
10.6	21.9	16.3	0.0
12.6	21.7	17.2	3.1
12.9	21.9	17.4	5.4
10.9	22.4	16.7	0.0
9.0	23.2	16.1	15.0
11.1	23.2	17.2	0.0
8.1	23.0	15.6	0.0
9.7	22.9	16.3	1.6
9.8	21.3	15.6	6.2
7.9	22.6	15.3	0.0
7.4	22.1	14.8	0.0
9.8	22.6	16.2	0.0
9.9	23.0	16.5	0.0
8.9	24.2	16.6	0.0
8.3	22.4	15.4	10.5
9.5	24.1	16.8	25.3
8.8	23.2	16.0	0.0
8.7	23.1	15.9	0.0
7.7	23.4	15.6	3.9
11.3	22.0	16.7	7.8
12.3	21.7	17.0	3.5
13.4	21.2	17.3	34.6
11.7	22.6	17.2	8.2
9.8	22.6	16.2	0.8
9.4	23.4	16.4	11.1
13.1	22.7	17.9	60.6
12.6	20.5	16.6	4.7
10.9	20.0	15.5	0.0
9.9	23.0	16.5	20.2
13.4	22.0	17.7	6.2
11.8	23.0	17.4	1.7
13.2	23.0	18.1	0.8
9.6	23.4	16.5	0.2
9.3	24.0	16.7	0.0
9.4	23.5	16.5	0.0
7.7	24.4	16.1	0.0
9.3	24.5	16.9	0.0
9.9	23.2	16.6	0.4
9.7	23.3	16.5	0.0
9.4	23.6	16.5	0.0
8.6	23.9	16.3	0.0
10.1	24.4	17.3	0.0
10.9	24.3	17.6	0.0
8.9	24.5	16.7	0.2
10.6	24.2	17.4	4.4
13.6	23.2	18.4	2.3
11.8	22.9	17.4	0.9
13.2	22.1	17.7	8.7
12.4	19.3	15.9	0.0
10.3	21.6	16.0	0.0
9.4	22.4	15.9	0.0
9.6	22.1	15.9	0.0
7.4	23.4	15.4	0.0
10.1	23.4	16.8	0.0
10.0	23.6	16.8	0.0
10.7	23.8	17.3	7.0
8.3	22.2	15.3	0.1
9.1	22.4	15.8	0.0
9.6	23.2	16.4	0.0
9.5	23.6	16.6	0.0
13.1	23.2	18.2	0.6
9.5	22.5	16.0	5.1
14.1	22.2	18.2	0.8
13.3	22.2	17.8	10.7
13.2	20.0	16.6	21.0
11.2	19.7	15.5	36.5
12.5	20.2	16.4	21.0
11.6	24.3	18.0	27.7
12.3	20.0	16.2	9.0
12.8	22.8	17.8	0.0
11.6	23.9	17.8	0.0
8.6	23.9	16.3	0.0
10.4	23.8	17.1	0.0
13.7	23.7	18.7	0.0
9.9	23.8	16.9	0.0
8.3	24.7	16.5	0.0
12.1	22.7	17.4	6.6
8.7	24.5	16.6	0.8
13.4	21.8	17.6	1.6
12.1	21.8	17.0	14.6
12.4	22.9	17.7	14.8
12.6	21.7	17.2	4.1
12.7	21.7	17.2	37.3
11.7	19.8	15.8	0.0
11.2	20.4	15.8	0.0
11.1	20.3	15.7	0.0
10.1	21.9	16.0	0.0
9.1	22.4	15.8	0.0
10.8	23.2	17.0	3.9
13.4	22.1	17.8	0.0
12.7	22.5	17.6	0.0
8.4	23.0	15.7	0.0
8.7	22.4	15.6	0.0
9.4	21.7	15.6	0.0
7.5	22.1	14.8	0.0
7.2	23.1	15.2	0.0
7.6	23.4	15.5	0.0
9.9	22.7	16.3	0.0
9.1	22.6	15.9	0.0
8.2	23.0	15.6	0.0
7.3	24.3	15.8	0.0
9.3	24.0	16.7	0.0
8.8	24.1	16.5	0.0
8.6	24.2	16.4	0.0
5.6	22.6	14.1	0.0
6.0	22.5	14.3	0.0
8.1	22.3	15.2	0.0
9.1	24.0	16.6	0.0
11.3	22.6	17.0	0.0
8.7	22.8	15.8	0.0
9.0	21.7	15.4	0.0
7.1	22.4	14.8	0.0
8.2	23.6	15.9	0.0
8.9	24.0	16.5	0.0
6.5	23.4	15.0	0.0
7.8	23.6	15.7	0.0
7.3	23.7	15.5	0.0
6.9	23.8	15.4	0.0
6.1	24.9	15.5	0.0
9.2	25.3	17.3	0.0
8.3	24.8	16.6	0.0
7.1	24.2	15.7	0.0
6.1	24.6	15.4	0.0
8.8	24.5	16.7	0.0
7.8	23.7	15.8	0.0
6.5	23.5	15.0	0.0
6.8	23.6	15.2	0.0
7.3	23.6	15.5	0.0
9.8	25.2	17.5	0.0
12.4	24.9	18.7	0.0
11.4	24.3	17.9	0.0
9.2	24.5	16.9	0.0
6.2	24.6	15.4	0.0
7.2	24.9	16.1	0.0
11.3	24.4	17.9	0.0
11.1	24.4	17.8	0.0
8.2	24.2	16.2	0.0
8.0	24.2	16.1	0.0
8.4	24.8	16.6	0.0
8.6	24.0	16.3	0.0
8.0	24.8	16.4	0.0
8.4	24.4	16.4	0.0
7.6	25.0	16.3	0.0
7.8	24.6	16.2	0.0
8.2	24.8	16.5	0.0
8.6	25.4	17.0	0.0
8.0	26.0	17.0	0.0
7.6	26.2	16.9	0.0
6.9	25.2	16.1	0.0
8.2	25.2	16.7	0.0
8.2	24.8	16.5	0.0
8.5	25.4	17.0	0.0
7.2	26.0	16.6	0.0
6.8	26.4	16.6	0.0
6.4	26.0	16.2	0.0
7.0	25.5	16.3	0.6
8.6	25.2	16.9	0.0
6.7	25.2	16.0	4.7
6.7	24.8	15.8	5.2
7.2	25.0	16.1	1.7
6.8	25.4	16.1	1.2
6.7	25.5	16.1	5.9
6.2	24.8	15.5	10.1
8.0	24.8	16.4	0.1
8.0	24.4	16.2	0.0
6.8	24.6	15.7	0.0
8.0	24.6	16.3	0.0
7.8	24.4	16.1	0.0
8.2	24.8	16.5	0.0
6.8	25.5	16.2	0.0
7.6	25.5	16.6	0.0
6.0	25.0	15.5	0.0
7.4	25.0	16.2	7.0
7.4	24.8	16.1	0.0
7.0	25.4	16.2	0.0
7.1	24.5	15.8	0.0
6.9	25.0	16.0	0.0
7.2	26.0	16.6	0.0
6.7	25.6	16.2	0.0
8.5	24.6	16.6	0.0
8.3	25.0	16.7	0.0
7.7	26.0	16.9	0.0
7.9	26.0	17.0	0.0
8.2	26.5	17.4	0.0
8.6	26.6	17.6	0.0
7.6	26.0	16.8	0.0
7.2	25.8	16.5	0.0
7.4	25.6	16.5	0.0
7.2	27.8	17.5	0.0
6.5	27.6	17.1	0.0
7.4	26.8	17.1	0.0
8.2	26.4	17.3	0.0
7.2	27.0	17.1	0.0
8.7	26.5	17.6	0.0
8.4	26.8	17.6	0.0
8.8	26.4	17.6	0.0
7.5	25.6	16.6	0.0
6.0	26.5	16.3	0.0
7.5	26.5	17.0	0.0
8.2	27.0	17.6	0.0
7.2	27.0	17.1	0.0
8.5	26.4	17.5	0.0
7.6	27.8	17.7	0.0
7.4	26.8	17.1	0.0
6.6	28.8	17.7	0.0
6.8	29.0	17.9	0.0
7.3	27.2	17.3	0.0
8.1	27.4	17.8	0.0
8.0	28.0	18.0	1.9
6.8	27.0	16.9	0.0
8.5	27.8	18.2	0.0
7.5	28.5	18.0	0.0
6.2	26.2	16.2	0.0
5.8	28.0	16.9	0.0
9.4	27.2	18.3	0.0
8.2	27.4	17.8	0.0
8.0	28.2	18.1	1.6
6.5	27.0	16.8	0.0
6.7	27.0	16.9	0.0
6.7	27.8	17.3	0.0
6.9	27.0	17.0	0.0
6.6	28.2	17.4	0.0
7.4	28.0	17.7	0.0
7.3	27.2	17.3	0.0
10.0	27.2	18.6	0.3
8.6	25.8	17.2	0.6
9.4	23.4	16.4	12.0
8.0	25.0	16.5	42.0
7.0	24.8	15.9	0.3
7.8	22.0	14.9	1.1
7.6	25.8	16.7	6.5
8.5	24.8	16.7	5.4
6.8	23.6	15.2	0.0
7.6	24.6	16.1	0.0
7.4	25.2	16.3	0.0
8.2	24.2	16.2	0.0
7.7	24.6	16.2	11.3
8.2	20.8	14.5	39.5
6.8	21.2	14.0	7.0
8.5	24.4	16.5	0.2
7.5	25.5	16.5	0.0
7.5	25.0	16.3	6.2
8.2	24.8	16.5	14.5
8.1	24.2	16.2	0.5
8.0	24.2	16.1	1.6
8.2	25.5	16.9	18.8
7.4	25.5	16.5	0.0
7.4	24.5	16.0	0.0
7.2	24.2	15.7	0.0
8.5	24.6	16.6	0.0
8.2	24.6	16.4	0.0
8.5	23.8	16.2	0.0
7.4	23.8	15.6	0.0
7.2	24.5	15.9	0.0
7.8	24.8	16.3	2.2
7.0	24.6	15.8	1.7
7.2	25.8	16.5	0.2
7.6	23.0	15.3	0.0
7.2	25.0	16.1	0.0
7.1	23.0	15.1	0.0
8.2	24.5	16.4	0.0
7.3	23.7	15.5	0.0
8.7	23.7	16.2	0.0
7.2	24.2	15.7	0.0
8.4	25.0	16.7	0.6
7.4	24.8	16.1	0.8
8.8	22.2	15.5	29.7
8.6	21.2	14.9	37.8
7.8	22.6	15.2	11.8
7.0	23.8	15.4	1.7
8.0	20.8	14.4	2.6
8.2	23.0	15.6	0.0
7.7	24.5	16.1	28.8
7.2	23.0	15.1	0.0
8.0	23.8	15.9	0.0
7.8	23.6	15.7	0.8
8.7	23.0	15.9	24.1
7.6	22.6	15.1	0.0
8.1	25.2	16.7	0.0
8.2	23.6	15.9	0.0
7.8	23.5	15.7	3.9
7.3	23.2	15.3	18.3
9.6	22.2	15.9	0.1
8.5	22.4	15.5	6.2
7.5	23.4	15.5	0.0
7.8	23.6	15.7	0.0
8.2	24.0	16.1	0.0
7.0	23.0	15.0	0.0
7.4	24.5	16.0	0.0
7.8	23.8	15.8	0.0
7.2	24.1	15.7	0.0
7.0	23.4	15.2	23.7
7.7	23.7	15.7	0.0
7.0	23.5	15.3	0.0
7.5	24.2	15.9	0.0
7.2	24.2	15.7	0.8
7.2	24.2	15.7	0.0
7.2	23.4	15.3	0.0
7.6	24.0	15.8	0.0
8.1	24.4	16.3	0.0
7.4	23.4	15.4	0.0
7.8	23.6	15.7	0.0
7.9	23.2	15.6	0.0
6.0	23.0	14.5	0.2
8.8	23.0	15.9	1.7
7.2	22.8	15.0	0.0
7.6	24.0	15.8	0.0
8.2	23.0	15.6	0.0
7.2	23.6	15.4	0.0
7.8	25.2	16.5	0.0
7.0	22.8	14.9	0.0
6.4	23.4	14.9	6.2
6.8	22.8	14.8	0.8
7.3	24.2	15.8	0.0
8.2	23.4	15.8	0.0
7.0	20.4	13.7	0.0
7.3	21.6	14.5	7.8
7.4	22.0	14.7	0.0
7.0	21.8	14.4	0.0
7.4	21.6	14.5	0.0
7.7	23.0	15.4	1.6
8.0	22.0	15.0	7.0
6.8	21.8	14.3	0.0
6.4	22.5	14.5	0.3
7.6	22.5	15.1	0.0
7.4	21.4	14.4	0.0
6.6	21.0	13.8	0.0
6.8	22.2	14.5	0.0
7.0	22.4	14.7	0.0
6.8	23.8	15.3	0.0
7.8	23.6	15.7	5.1
7.2	24.1	15.7	0.0
8.0	21.6	14.8	11.4
7.4	21.8	14.6	1.2
7.3	22.0	14.7	0.0
6.7	21.2	14.0	0.0
7.3	21.4	14.4	0.0
7.8	21.4	14.6	0.8
6.2	21.8	14.0	0.4
6.2	23.4	14.8	3.5
7.2	22.2	14.7	12.4
7.3	20.0	13.7	4.3
6.2	22.2	14.2	0.0
7.2	23.4	15.3	1.6
7.0	25.2	16.1	0.0
7.6	24.0	15.8	0.0
6.8	24.0	15.4	0.0
7.0	22.2	14.6	7.0
7.7	22.8	15.3	0.8
7.7	23.0	15.4	11.4
7.6	21.5	14.6	0.0
7.3	22.8	15.1	0.0
6.3	23.0	14.7	0.0
7.4	22.8	15.1	0.0
7.8	23.2	15.5	3.1
7.2	22.0	14.6	11.5
7.5	22.5	15.0	0.3
6.8	21.2	14.0	25.0
6.8	22.0	14.4	0.0
7.0	22.4	14.7	3.9
7.3	22.0	14.7	0.0
7.5	22.8	15.2	0.0
8.0	22.5	15.3	0.0
7.2	21.4	14.3	0.9
7.0	22.8	14.9	0.2
6.8	22.8	14.8	0.0
7.0	21.8	14.4	0.3
7.6	22.8	15.2	1.7
7.4	22.6	15.0	9.3
7.8	22.6	15.2	0.0
7.4	20.6	14.0	22.4
7.2	20.6	13.9	3.3
7.4	22.2	14.8	9.8
7.0	22.8	14.9	0.0
7.0	24.5	15.8	0.0
7.6	23.4	15.5	0.5
6.8	24.6	15.7	0.0
6.8	24.0	15.4	0.0
7.2	23.4	15.3	4.3
7.2	22.8	15.0	0.0
6.5	22.8	14.7	7.5
7.8	21.0	14.4	8.2
6.8	23.2	15.0	0.0
7.0	22.6	14.8	0.0
7.8	24.0	15.9	4.8
7.7	23.4	15.6	5.9
7.8	22.0	14.9	0.1
7.2	24.4	15.8	0.0
7.5	22.8	15.2	3.1
7.0	23.0	15.0	11.4
7.8	22.8	15.3	1.2
6.9	23.0	15.0	0.0
7.2	24.6	15.9	0.0
7.6	24.0	15.8	0.4
6.5	21.8	14.2	0.0
8.2	23.8	16.0	0.2
8.6	23.0	15.8	0.0
6.6	24.4	15.5	10.1
7.6	24.4	16.0	0.0
8.0	23.6	15.8	0.0
7.1	24.5	15.8	0.0
8.6	22.8	15.7	3.4
8.5	22.5	15.5	5.4
8.0	23.0	15.5	0.5
7.9	24.6	16.3	0.0
7.0	24.0	15.5	0.0
6.5	25.2	15.9	0.0
5.8	23.2	14.5	2.0
8.6	22.8	15.7	0.8
6.4	23.5	15.0	0.0
6.8	24.8	15.8	0.0
7.8	22.8	15.3	6.8
7.1	23.2	15.2	0.6
6.8	24.2	15.5	0.0
8.0	24.5	16.3	0.9
7.9	23.4	15.7	35.0
9.0	22.2	15.6	0.3
8.5	20.4	14.5	3.4
9.2	20.0	14.6	14.5
7.6	23.4	15.5	0.3
6.5	24.8	15.7	0.0
6.4	23.6	15.0	0.0
6.6	24.6	15.6	3.1
6.2	24.8	15.5	2.3
5.8	21.8	13.8	0.5
8.1	21.8	15.0	0.0
7.8	24.6	16.2	0.0
7.0	22.1	14.6	0.0
6.8	21.8	14.3	0.0
7.0	21.5	14.3	0.0
7.2	22.8	15.0	0.0
7.4	22.2	14.8	0.0
7.4	22.8	15.1	0.0
7.0	23.4	15.2	0.0
6.9	23.6	15.3	0.0
7.2	24.2	15.7	0.0
6.8	23.6	15.2	0.0
8.0	22.0	15.0	12.4
8.6	20.5	14.6	0.0
9.0	21.4	15.2	0.0
7.8	22.3	15.1	0.0
7.0	22.0	14.5	0.0
8.5	22.6	15.6	2.2
8.8	23.2	16.0	2.6
8.2	22.6	15.4	1.1
8.8	23.6	16.2	0.0
7.2	24.0	15.6	0.0
6.7	25.0	15.9	0.0
5.6	24.0	14.8	0.0
5.0	24.0	14.5	0.0
5.2	25.0	15.1	0.0
6.4	25.8	16.1	0.0
6.5	25.2	15.9	0.0
6.8	24.2	15.5	0.0
6.8	25.4	16.1	0.0
5.8	25.7	15.8	3.4
8.6	25.2	16.9	0.6
8.5	22.4	15.5	0.0
7.8	24.0	15.9	0.0
6.8	24.0	15.4	0.0
6.6	24.4	15.5	0.0
7.2	25.2	16.2	0.0
8.5	24.5	16.5	0.0
6.0	23.5	14.8	0.0
6.8	23.6	15.2	0.0
8.8	24.8	16.8	0.0
6.4	25.0	15.7	0.0
6.6	24.0	15.3	0.0
6.8	25.6	16.2	2.7
6.2	25.2	15.7	0.0
7.6	24.2	15.9	0.0
7.0	24.8	15.9	0.0
5.2	23.4	14.3	0.6
8.2	22.6	15.4	0.8
7.4	23.6	15.5	0.0
5.8	23.4	14.6	0.0
7.4	25.0	16.2	0.0
6.0	26.0	16.0	0.0
8.2	25.6	16.9	0.0
6.1	24.2	15.2	0.6
7.1	24.6	15.9	20.4
6.6	24.4	15.5	3.9
6.8	24.2	15.5	0.9
6.6	24.0	15.3	0.0
6.5	24.6	15.6	0.1
6.5	24.5	15.5	0.0
6.5	24.6	15.6	0.0
6.2	24.0	15.1	0.0
6.4	23.8	15.1	0.0
6.0	24.5	15.3	0.0
6.6	25.0	15.8	0.0
6.8	25.3	16.1	0.0
6.8	23.7	15.3	12.1
7.6	20.0	13.8	0.0
8.6	20.0	14.3	11.2
6.8	21.0	13.9	13.5
7.6	21.0	14.3	22.7
7.0	21.5	14.3	5.6
7.1	21.5	14.3	11.2
7.4	22.6	15.0	0.2
7.0	22.8	14.9	5.1
14.0	22.0	18.0	35.5
12.3	20.6	16.5	17.5
11.7	23.8	17.8	0.2
12.7	24.7	18.7	0
12.6	23.7	18.2	0
11.5	25.4	18.5	8.1
10.1	25.3	17.7	0
9.4	24.9	17.2	9.1
12.8	23.4	18.1	8.5
12.2	23.1	17.7	4.6
14.3	22.5	18.4	0
12.6	24.4	18.5	0
13.5	23.4	18.5	0
10.3	23.2	16.8	0
11.0	24.5	17.8	0
7.8	24.5	16.2	0
9.8	24.0	16.9	0
11.5	24.6	18.1	0
7.8	26.0	16.9	0
9.5	24.6	17.1	0
7.4	26.0	16.7	0
9.7	25.5	17.6	0
8.6	25.4	17.0	0
7.5	25.1	16.3	0
7.5	25.0	16.3	0
8.9	26.0	17.5	0
8.8	24.6	16.7	0
9.0	26.0	17.5	0
6.4	25.8	16.1	0
6.8	26.7	16.8	0
9.5	25.7	17.6	0
8.2	27.2	17.7	0
8.5	29.0	18.8	0
9.0	28.5	18.8	0
10.1	24.1	17.1	5.3
13.1	24.5	18.8	7.5
7.0	23.0	15.0	0
12.1	26.8	19.5	0.3
12.2	25.3	18.8	0
8.3	24.5	16.4	0
7.5	27.2	17.4	0
7.6	27.1	17.4	0
8.4	26.4	17.4	0
13.0	26.6	19.8	0
12.5	27.2	19.9	0
10.8	27.6	19.2	0
11.5	23.6	17.6	43.1
13.3	22.0	17.7	15.4
13.4	25.4	19.4	0
11.8	26.6	19.2	2.2
14.9	26.1	20.5	9
13.2	25.0	19.1	0
15.1	22.8	19.0	4.3
13.3	25.1	19.2	0
8.0	23.5	15.8	0
11.4	26.5	19.0	48.7
14.0	19.3	16.7	20.1
13.3	21.6	17.5	1
12.2	23.0	17.6	46.4
13.3	22.6	18.0	0
12.5	24.1	18.3	2.4
13.3	24.7	19.0	19.9
13.4	23.0	18.2	0
10.5	25.4	18.0	24.5
13.6	25.0	19.3	0
10.5	24.9	17.7	0
14.8	21.6	18.2	3.8
13.8	22.7	18.3	0
13.6	23.1	18.4	0
11.5	22.7	17.1	0
10.5	23.1	16.8	0
6.4	25.5	16.0	0
8.9	25.6	17.3	0
10.7	25.6	18.2	0
10.4	24.6	17.5	0
13.5	25.1	19.3	0
12.6	25.2	18.9	0
10.8	26.0	18.4	1.6
9.8	26.0	17.9	2.3
12.9	25.6	19.3	0
13.3	24.8	19.1	0
10.0	24.5	17.3	3
14.0	26.0	20.0	3.6
14.4	24.5	19.5	0
12.2	22.2	17.2	0.2
11.0	24.8	17.9	0.3
13.2	25.7	19.5	11.8
11.2	24.5	17.9	15.2
13.9	22.5	18.2	0
13.0	21.5	17.3	0
13.0	25.1	19.1	0
12.5	24.5	18.5	2.2
13.3	24.3	18.8	0
13.5	24.0	18.8	0
14.5	24.5	19.5	0
11.6	25.6	18.6	0
9.7	25.4	17.6	0
12.0	25.2	18.6	0
10.6	25.0	17.8	0
10.4	27.5	19.0	0
8.0	27.4	17.7	0
9.3	27.2	18.3	0
13.2	25.3	19.3	0.4
13.2	25.2	19.2	7.2
14.7	21.2	18.0	13.5
13.7	20.4	17.1	3.8
12.0	23.9	18.0	2
13.7	24.0	18.9	0
11.5	25.0	18.3	0
10.8	27.0	18.9	0
12.0	26.7	19.4	0
11.1	25.5	18.3	0
11.8	23.5	17.7	10.6
12.5	24.0	18.3	5.5
13.5	24.8	19.2	4.5
13.6	23.6	18.6	3.5
11.8	24.8	18.3	0
10.4	25.6	18.0	1.2
10.9	25.5	18.2	6.3
12.8	24.0	18.4	2.8
11.9	24.7	18.3	0.5
11.4	24.5	18.0	0
13.1	25.3	19.2	0
9.1	22.9	16.0	8.7
13.5	22.0	17.8	1.6
10.9	23.2	17.1	22
13.3	22.5	17.9	15.7
12.0	23.2	17.6	4
13.8	22.1	18.0	4.4
11.4	23.3	17.4	83.7
10.8	22.4	16.6	0.9
13.8	25.0	19.4	2
11.7	25.7	18.7	25.7
11.8	23.5	17.7	46.2
13.9	22.3	18.1	28.9
13.3	22.6	18.0	16.5
13.9	22.3	18.1	9
10.9	23.9	17.4	10.7
10.8	25.0	17.9	0
10.5	25.0	17.8	0
11.9	27.0	19.5	0
11.1	25.3	18.2	8.6
10.3	25.5	17.9	0
13.0	23.2	18.1	21.9
11.6	24.5	18.1	0
10.1	26.4	18.3	0
9.6	25.7	17.7	0
9.4	25.1	17.3	0
10.8	25.4	18.1	0
12.5	24.5	18.5	0.2
8.5	25.9	17.2	0
8.7	25.6	17.2	1.8
10.8	23.0	16.9	1.1
13.0	23.0	18.0	0
11.9	24.2	18.1	1.1
10.7	24.1	17.4	26.4
9.5	22.5	16.0	1.6
11.4	23.8	17.6	0
9.7	23.5	16.6	0
8.8	23.5	16.2	0
8.9	23.5	16.2	0
8.5	23.3	15.9	4.9
10.0	21.0	15.5	0
10.6	22.6	16.6	0
11.1	24.4	17.8	7.9
12.9	21.6	17.3	0
9.9	22.5	16.2	4.2
12.6	22.0	17.3	0
12.3	22.2	17.3	3.7
10.6	22.5	16.6	0
10.0	22.3	16.2	0
11.2	24.0	17.6	0
10.9	22.7	16.8	7.5
9.7	23.8	16.8	0
11.0	24.2	17.6	0
12.4	24.5	18.5	6.9
9.9	22.9	16.4	0
9.2	23.2	16.2	0
10.1	23.1	16.6	3.1
11.5	24.0	17.8	7.4
11.0	22.6	16.8	0
10.9	24.0	17.5	3.8
13.7	21.5	17.6	10.8
12.2	22.1	17.2	5.8
13.3	21.5	17.4	13.3
12.7	24.1	18.4	0
12.3	22.1	17.2	0
9.5	22.6	16.1	0
11.0	23.0	17.0	7.6
11.5	23.0	17.3	9.8
11.8	21.5	16.7	0
11.7	22.5	17.1	5.8
13.5	22.7	18.1	0
8.1	24.9	16.5	0
9.1	22.5	15.8	1.6
10.8	22.0	16.4	7.8
12.0	21.0	16.5	12.1
7.6	22.6	15.1	0.1
8.8	22.8	15.8	0.5
1.6	22.5	12.1	13.4
6.6	23.3	15.0	28
12.4	19.2	15.8	3.3
12.7	20.5	16.6	2.4
11.8	21.5	16.7	0
10.5	21.2	15.9	5.5
10.7	21.0	15.9	7.8
12.0	20.3	16.2	7.6
11.0	23.5	17.3	29
10.0	22.0	16.0	17
12.6	22.4	17.5	0
10.2	24.0	17.1	0
12.6	22.5	17.6	19
11.5	20.2	15.9	0.5
9.0	22.8	15.9	0
7.5	23.5	15.5	0
8.0	23.3	15.7	0
8.4	24.5	16.5	0
8.2	25.2	16.7	0
6.8	23.7	15.3	4.1
9.3	23.6	16.5	11.5
12.3	22.5	17.4	0
10.7	22.6	16.7	0
12.1	22.3	17.2	2.3
12.8	22.7	17.8	1
11.6	23.6	17.6	0
10.8	22.5	16.7	2.3
9.5	22.6	16.1	0
10.6	23.8	17.2	1
10.3	23.5	16.9	2.3
8.5	23.8	16.2	0
11.4	23.8	17.6	0
11.6	24.0	17.8	2.7
11.7	22.6	17.2	8
11.2	21.4	16.3	5.8
8.4	22.4	15.4	0
10.5	22.6	16.6	0
10.8	22.6	16.7	4.9
12.4	22.9	17.7	35.2
12.6	18.8	15.7	0
12.0	22.4	17.2	67.7
13.0	22.8	17.9	9.5
12.4	21.8	17.1	0.4
12.0	23.0	17.5	1.8
12.9	20.5	16.7	2
12.3	23.1	17.7	1.1
12.8	23.3	18.1	5.2
8.6	25.0	16.8	5
10.5	22.5	16.5	4.6
10.0	21.6	15.8	3
9.4	23.9	16.7	1.2
10.0	23.2	16.6	0
9.6	23.0	16.3	0
10.0	24.5	17.3	0
12.3	23.5	17.9	3.8
12.9	23.7	18.3	19.7
10.0	22.0	16.0	17.4
8.6	23.0	15.8	0
10.5	22.5	16.5	1.8
13.0	22.0	17.5	2.7
9.6	23.0	16.3	4.5
9.0	22.5	15.8	12.9
12.2	22.2	17.2	6.6
9.5	22.7	16.1	0
9.4	25.4	17.4	0
9.7	24.9	17.3	2.4
10.0	27.3	18.7	0
8.2	23.8	16.0	4.5
10.7	22.8	16.8	7.8
9.8	23.5	16.7	0
11.5	24.4	18.0	0
9.3	25.4	17.4	0
10.5	24.9	17.7	0
7.4	23.5	15.5	0
10.5	23.0	16.8	2.4
10.5	24.0	17.3	0
9.1	25.0	17.1	11
11.6	25.2	18.4	6.4
10.6	24.1	17.4	20.8
13.1	22.7	17.9	18.5
13.5	23.6	18.6	0.8
10.4	24.5	17.5	1.8
10.2	25.0	17.6	0
10.2	22.1	16.2	5.2
10.6	24.3	17.5	0
11.0	26.0	18.5	0
10.8	25.7	18.3	0.4
11.4	25.0	18.2	0
12.5	25.6	19.1	2.2
13.8	24.6	19.2	0
11.4	24.2	17.8	0
12.1	22.0	17.1	11.1
10.8	24.6	17.7	5.4
13.0	23.8	18.4	0.4
10.5	24.5	17.5	0
11.7	24.4	18.1	0
12.9	24.4	18.7	0
10.8	25.0	17.9	0
11.4	23.0	17.2	7.9
12.1	24.1	18.1	4.2
10.6	25.0	17.8	0
8.7	25.0	16.9	0
8.8	25.5	17.2	0
9.2	25.8	17.5	0.4
10.7	25.4	18.1	2.5
9.4	25.3	17.4	0.7
12.1	25.0	18.6	0
9.2	24.0	16.6	2
12.0	24.5	18.3	6.4
13.6	24.5	19.1	0
9.4	25.0	17.2	0
10.7	24.5	17.6	2
13.8	24.3	19.1	0
12.0	25.0	18.5	0.6
13.5	24.1	18.8	12.1
13.6	24.4	19.0	0
12.4	24.2	18.3	0
10.0	24.0	17.0	0
10.6	23.6	17.1	0
8.5	23.5	16.0	0
8.8	24.4	16.6	0
7.4	24.4	15.9	0
12.0	24.5	18.3	0
8.2	24.5	16.4	0
9.0	24.7	16.9	0
8.4	26.0	17.2	0
8.5	25.6	17.1	0
7.9	25.2	16.6	0
7.9	26.3	17.1	0
8.6	24.8	16.7	0
8.6	24.4	16.5	0
11.1	25.2	18.2	0
9.5	25.1	17.3	0
9.4	26.0	17.7	0
8.0	24.8	16.4	0.4
10.3	25.4	17.9	0
9.0	24.9	17.0	0
7.6	26.0	16.8	0
6.2	26.6	16.4	0
7.0	26.2	16.6	0
8.0	25.4	16.7	6
11.2	20.0	15.6	1.7
10.2	22.4	16.3	10
12.8	24.0	18.4	0
12.1	24.5	18.3	0
11.2	25.5	18.4	0
10.0	25.2	17.6	0
9.0	25.0	17.0	0
6.5	24.6	15.6	0
10.3	24.7	17.5	0
4.9	25.5	15.2	0
7.2	25.2	16.2	0
6.0	25.8	15.9	0
6.1	26.2	16.2	0
7.3	26.0	16.7	0
6.8	24.2	15.5	0
7.5	24.5	16.0	0
7.3	25.5	16.4	0
7.8	24.3	16.1	4.5
10.6	23.7	17.2	0
8.3	25.2	16.8	0
9.0	25.2	17.1	0.6
11.5	24.4	18.0	0
7.0	23.8	15.4	2.5
10.0	24.0	17.0	0
9.4	24.5	17.0	0
6.0	25.7	15.9	0
9.4	26.0	17.7	0
6.2	25.4	15.8	0
5.2	24.8	15.0	0
7.0	24.5	15.8	0.4
8.8	26.0	17.4	0
8.0	25.7	16.9	0
5.4	24.6	15.0	0
6.0	24.4	15.2	0
6.8	25.9	16.4	0
8.6	27.0	17.8	0
9.1	25.0	17.1	0
8.6	23.2	15.9	6.3
12.0	25.2	18.6	0
8.0	24.4	16.2	0
9.6	25.0	17.3	0
9.0	25.1	17.1	0
8.0	26.0	17.0	0
9.0	26.2	17.6	0
7.2	23.8	15.5	0
7.0	26.1	16.6	0
7.2	25.7	16.5	0
6.2	25.3	15.8	0
10.2	25.6	17.9	0
7.0	26.2	16.6	0
5.3	27.1	16.2	0
3.6	26.2	14.9	0
6.4	26.8	16.6	0
11.4	26.7	19.1	0
7.4	28.2	17.8	0
9.4	26.2	17.8	0
9.0	25.1	17.1	13.2
11.4	25.7	18.6	0
7.6	26.8	17.2	0.5
9.4	26.1	17.8	0
7.1	25.4	16.3	0
8.6	26.0	17.3	0
4.5	26.9	15.7	0
4.5	28.0	16.3	0
4.8	26.5	15.7	0
7.0	28.9	18.0	0
7.9	28.5	18.2	0
8.0	23.4	15.7	0.1
7.6	23.0	15.3	0
10.6	24.6	17.6	0
7.6	25.7	16.7	0
9.0	25.5	17.3	0
11.1	26.0	18.6	5.6
11.6	28.4	20.0	14.3
12.2	27.0	19.6	0
7.4	27.2	17.3	0
6.0	27.5	16.8	0
7.0	28.5	17.8	0
7.6	27.2	17.4	0
9.2	26.5	17.9	0
7.7	26.7	17.2	0
5.9	28.4	17.2	0
9.5	27.8	18.7	0
7.0	27.6	17.3	0
9.5	27.5	18.5	0
7.4	28.9	18.2	0
8.3	28.4	18.4	0
8.0	28.3	18.2	0
8.2	29.4	18.8	0
9.0	29.0	19.0	0.4
12.2	28.5	20.4	0
10.2	28.0	19.1	0
8.3	28.0	18.2	0
7.8	28.7	18.3	0
7.8	29.2	18.5	0
8.9	26.6	17.8	0
12.8	28.0	20.4	1
9.0	28.5	18.8	0
11.0	26.0	18.5	23.6
11.9	20.6	16.3	18.9
12.5	22.5	17.5	0.6
13.2	21.7	17.5	3
13.0	21.1	17.1	6.9
13.0	24.5	18.8	1.3
11.0	24.6	17.8	5.1
11.0	23.7	17.4	0
10.0	26.6	18.3	0
9.3	26.3	17.8	0
11.3	28.0	19.7	0
8.8	27.5	18.2	7
9.9	26.9	18.4	0
9.2	27.1	18.2	0
11.3	27.4	19.4	0
12.8	27.0	19.9	0
10.1	26.5	18.3	7.9
9.8	26.2	18.0	0
8.6	26.4	17.5	0
10.3	26.1	18.2	0
9.9	26.0	18.0	0
9.4	29.7	19.6	0
9.6	27.0	18.3	0
8.3	26.5	17.4	0
11.5	27.0	19.3	0
8.3	26.5	17.4	0
8.8	27.5	18.2	0
9.2	28.1	18.7	0
6.0	27.7	16.9	0
7.6	27.8	17.7	0
9.0	28.0	18.5	0
9.0	28.1	18.6	0
12.8	25.8	19.3	0
13.0	26.7	19.9	0
13.2	27.5	20.4	0
11.4	26.8	19.1	0
12.0	28.0	20.0	0
9.8	27.5	18.7	7.2
12.0	25.4	18.7	14.2
12.9	26.1	19.5	0
10.6	26.3	18.5	2
10.5	26.0	18.3	0
9.7	26.6	18.2	19.4
10.5	25.6	18.1	18.3
11.0	22.7	16.9	53.2
11.4	25.1	18.3	0
11.9	26.3	19.1	0
11.0	26.5	18.8	0.9
11.1	22.8	17.0	11
14.1	21.2	17.7	12.9
12.8	24.0	18.4	22
11.3	23.6	17.5	0.4
14.1	25.2	19.7	4.4
12.0	25.5	18.8	0
12.1	25.4	18.8	0
9.8	25.7	17.8	0
11.8	25.5	18.7	0
9.9	25.5	17.7	0
10.2	26.0	18.1	0
9.4	26.2	17.8	0
9.9	26.5	18.2	0
11.1	26.2	18.7	0
11.4	25.7	18.6	0
8.9	26.4	17.7	0
10.5	25.7	18.1	0
11.5	26.0	18.8	1.3
13.2	20.6	16.9	1.8
13.5	21.7	17.6	3.7
12.4	22.4	17.4	17.2
10.2	24.9	17.6	0
10.3	26.0	18.2	2.1
10.1	24.0	17.1	7.8
9.8	24.0	16.9	3.3
10.6	26.0	18.3	0
8.9	24.8	16.9	0
9.0	25.5	17.3	0
9.2	25.9	17.6	0
8.9	26.0	17.5	0
13.1	25.3	19.2	11.8
11.8	24.5	18.2	4.8
13.1	23.6	18.4	37.8
11.7	24.4	18.1	0
9.0	25.7	17.4	0
9.4	24.2	16.8	3.9
12.0	25.5	18.8	3.1
12.3	25.6	19.0	0
10.2	25.1	17.7	1
10.8	23.2	17.0	12.3
13.4	21.2	17.3	1.8
11.3	23.1	17.2	2.7
9.9	24.1	17.0	19.6
11.6	24.3	18.0	5
11.6	25.2	18.4	1.7
10.2	25.0	17.6	0
10.0	24.8	17.4	0
10.4	25.4	17.9	0
10.4	24.4	17.4	28.2
10.2	23.0	16.6	8.9
13.3	23.0	18.2	0
9.4	24.4	16.9	0
10.9	22.5	16.7	1
11.8	22.6	17.2	27.5
10.8	23.5	17.2	12.8
9.2	23.0	16.1	6
11.6	23.5	17.6	13.3
11.4	22.9	17.2	5.5
11.6	23.7	17.7	4.6
11.0	22.8	16.9	6.5
10.3	24.3	17.3	7.7
11.2	23.5	17.4	0
7.6	23.0	15.3	0
13.0	21.2	17.1	1.9
13.2	22.7	18.0	0
10.5	24.0	17.3	20.8
13.7	20.6	17.2	8.3
13.1	22.2	17.7	15.2
13.0	20.5	16.8	1.7
11.0	22.3	16.7	5.5
12.1	24.1	18.1	1.1
10.8	22.0	16.4	4
12.3	20.2	16.3	28.9
10.3	21.8	16.1	2.4
12.6	23.4	18.0	30.5
11.2	24.1	17.7	21
9.0	23.7	16.4	11.8
12.2	20.2	16.2	2.6
7.9	22.3	15.1	2.8
8.0	23.6	15.8	0
7.8	23.3	15.6	5.2
9.9	24.0	17.0	2.1
9.5	25.2	17.4	5.2
8.3	23.3	15.8	0.8
9.2	23.0	16.1	52.2
9.4	22.7	16.1	2.7
11.5	24.1	17.8	1.7
12.0	22.7	17.4	24
12.8	22.2	17.5	12.5
10.9	24.1	17.5	5.6
8.9	24.9	16.9	20.3
10.3	24.3	17.3	7.7
11.2	23.4	17.3	0
7.6	23.0	15.3	0
13.0	21.2	17.1	1.9
13.2	22.7	18.0	0
10.5	24.0	17.3	20.8
13.7	20.6	17.2	8.3
13.1	22.2	17.7	15.2
13.0	20.5	16.8	1.7
11.0	22.3	16.7	5.5
12.7	24.1	18.4	1.1
10.8	22.0	16.4	4
12.3	20.2	16.3	28.9
10.3	21.8	16.1	2.4
12.6	23.4	18.0	30.5
11.2	24.1	17.7	21
9.0	23.7	16.4	11.8
12.2	20.2	16.2	2.6
7.9	22.3	15.1	2.8
8.0	23.6	15.8	0
7.8	23.3	15.6	5.2
9.9	24.0	17.0	2.1
9.5	25.2	17.4	5.2
8.3	23.3	15.8	0.8
9.2	23.0	16.1	52.2
9.4	22.7	16.1	2.7
11.6	24.1	17.9	1.7
12.0	22.7	17.4	24
12.8	22.2	17.5	12.5
10.9	24.1	17.5	5.6
8.9	24.9	16.9	20.3
12.5	23.0	17.8	8.2
11.0	20.6	15.8	0
10.8	21.1	16.0	0
9.0	23.5	16.3	3.8
10.5	22.4	16.5	9.2
13.5	20.6	17.1	14.6
12.4	24.1	18.3	12.2
13.1	21.4	17.3	14.2
10.6	23.9	17.3	0
10.8	23.7	17.3	1.9
8.8	23.0	15.9	0.4
10.1	23.6	16.9	0.7
9.5	24.2	16.9	0
8.5	24.0	16.3	0
9.3	25.3	17.3	0
8.5	23.7	16.1	12.4
10.8	24.0	17.4	6.5
11.2	22.7	17.0	0
11.0	23.0	17.0	0
7.8	24.2	16.0	0
7.2	24.2	15.7	0
8.5	25.2	16.9	0
7.7	24.1	15.9	0
11.9	23.2	17.6	6.3
11.9	25.7	18.8	0
8.8	25.4	17.1	2
10.0	24.0	17.0	2
9.5	24.0	16.8	0
11.7	23.8	17.8	0
12.8	24.0	18.4	0
11.3	23.7	17.5	0
8.2	26.5	17.4	0
8.8	25.3	17.1	0
10.3	26.4	18.4	0
8.5	25.9	17.2	0
10.7	26.4	18.6	0
9.4	25.7	17.6	0
8.0	24.3	16.2	0
6.5	25.5	16.0	0
9.0	25.5	17.3	0
10.3	26.0	18.2	0
10.2	25.2	17.7	0
11.0	24.0	17.5	1.1
14.1	20.2	17.2	1.6
11.4	23.8	17.6	0
8.8	25.0	16.9	0
8.8	25.5	17.2	0
10.0	26.3	18.2	1.2
11.3	25.8	18.6	0
11.5	24.7	18.1	4.1
9.9	25.8	17.9	0
9.9	26.5	18.2	0
10.2	27.0	18.6	0
10.0	22.3	16.2	16.3
12.5	23.8	18.2	0
8.6	23.7	16.2	0.8
11.5	22.6	17.1	30.8
12.0	21.5	16.8	6.3
13.0	20.9	17.0	0
11.5	23.1	17.3	9.8
9.3	25.2	17.3	0.4
12.8	22.9	17.9	5.9
12.3	24.1	18.2	29.7
12.2	23.6	17.9	23.4
11.9	22.5	17.2	9.2
12.5	22.5	17.5	11
12.6	22.6	17.6	6.7
11.0	23.8	17.4	0.6
10.8	23.0	16.9	6.3
13.2	18.2	15.7	42.8
12.7	24.9	18.8	4.7
10.9	22.8	16.9	1
11.0	23.2	17.1	0
12.8	22.7	17.8	0
11.2	22.6	16.9	0
8.2	23.8	16.0	0
11.5	23.2	17.4	0
9.3	22.2	15.8	0
11.5	23.5	17.5	0
10.8	23.4	17.1	0
8.5	23.9	16.2	4.2
13.2	23.7	18.5	0
9.5	24.0	16.8	0
8.8	23.6	16.2	0
11.0	23.4	17.2	16.3
13.5	18.5	16.0	28.1
12.7	19.8	16.3	0.2
9.9	22.0	16.0	10.9
12.5	21.1	16.8	6.2
12.4	21.6	17.0	27.5
13.9	20.0	17.0	30.1
13.1	20.5	16.8	4.2
12.0	22.4	17.2	6
11.5	22.4	17.0	0
13.7	22.9	18.3	0.6
12.7	23.2	18.0	0
10.3	22.5	16.4	0
12.5	23.7	18.1	0
9.6	22.1	15.9	0
8.0	22.0	15.0	0
7.5	23.0	15.3	0
5.5	23.7	14.6	0
6.0	24.0	15.0	0
6.6	23.7	15.2	0
10.5	23.0	16.8	0
8.0	23.0	15.5	0
8.9	22.4	15.7	0
8.3	24.7	16.5	2.8
9.4	24.2	16.8	0
8.8	23.7	16.3	0
7.8	23.0	15.4	0
5.5	23.7	14.6	0
7.2	24.5	15.9	0
5.2	24.3	14.8	0
7.1	24.1	15.6	0
7.6	23.9	15.8	1.3
9.6	24.6	17.1	3.5
11.5	25.0	18.3	0
10.6	25.2	17.9	0
9.5	24.7	17.1	0
9.5	22.3	15.9	0
10.2	23.6	16.9	0
8.0	24.1	16.1	0
3.5	26.1	14.8	0
3.6	25.4	14.5	0
3.9	26.2	15.1	0
6.3	25.1	15.7	0
6.5	25.0	15.8	0
6.0	26.4	16.2	0
8.2	25.4	16.8	0
6.8	24.5	15.7	0
8.6	25.1	16.9	0
9.5	25.2	17.4	0
9.5	24.7	17.1	0
7.0	26.2	16.6	0
5.5	26.4	16.0	0
5.0	25.8	15.4	0
7.0	25.4	16.2	0
5.2	26.3	15.8	0
5.5	24.2	14.9	0
7.5	25.7	16.6	0
6.2	26.1	16.2	0
6.0	26.2	16.1	0
4.5	26.0	15.3	0
6.0	26.0	16.0	0
5.0	26.1	15.6	0
5.6	25.8	15.7	0
8.5	25.8	17.2	0
6.2	27.0	16.6	0
4.8	26.2	15.5	0
8.6	26.2	17.4	0
6.3	26.0	16.2	0
6.2	24.2	15.2	0
5.2	26.3	15.8	0
3.8	28.0	15.9	0
5.0	26.9	16.0	0
3.5	26.8	15.2	0
7.4	25.6	16.5	0
4.2	25.5	14.9	0
8.5	26.2	17.4	0
8.5	26.8	17.7	0
3.6	26.0	14.8	0
9.4	26.5	18.0	0
8.1	26.7	17.4	0
8.5	27.7	18.1	0
11.0	27.3	19.2	0
11.2	26.6	18.9	0
10.4	26.5	18.5	0
9.8	26.8	18.3	0
9.5	27.0	18.3	0
10.1	27.0	18.6	0
11.6	27.1	19.4	0
6.4	27.0	16.7	0
8.9	28.0	18.5	0
9.6	28.5	19.1	0
8.6	27.6	18.1	0
6.4	26.5	16.5	0
6.8	27.7	17.3	1.5
10.0	22.7	16.4	3.8
10.0	23.2	16.6	0
10.0	26.4	18.2	0.6
6.5	26.0	16.3	6.8
9.0	22.3	15.7	0.5
12.6	25.0	18.8	0
7.5	26.5	17.0	0
9.0	26.3	17.7	10.1
9.9	26.4	18.2	0
9.7	25.7	17.7	0
8.9	27.1	18.0	0
10.4	25.4	17.9	0
5.3	26.4	15.9	0
5.0	27.5	16.3	0
7.7	28.2	18.0	0
6.5	27.5	17.0	0
7.5	27.5	17.5	0
6.5	27.2	16.9	0
6.2	28.4	17.3	0
8.0	29.5	18.8	0
7.8	29.1	18.5	0
9.7	28.7	19.2	0
8.6	29.3	19.0	0
11.5	28.6	20.1	0
11.4	28.0	19.7	0
6.7	28.6	17.7	0
10.8	28.8	19.8	0
10.7	27.9	19.3	0
10.8	27.5	19.2	0
8.2	28.1	18.2	0
10.1	27.4	18.8	0
9.5	29.7	19.6	0
9.5	29.0	19.3	0
10.5	27.8	19.2	0
9.6	27.4	18.5	3.2
11.5	25.5	18.5	1.4
12.5	23.5	18.0	0.5
10.8	26.7	18.8	0
12.4	28.3	20.4	0
13.7	26.0	19.9	3.2
14.7	25.0	19.9	2.1
13.6	26.0	19.8	0
12.8	26.5	19.7	0
9.3	26.5	17.9	0
10.3	28.0	19.2	0
9.8	26.7	18.3	0
10.5	27.1	18.8	6
11.5	23.8	17.7	3.6
13.5	25.0	19.3	1
14.0	26.5	20.3	0
12.5	26.2	19.4	28.2
10.8	25.1	18.0	13.1
12.3	22.1	17.2	26.6
11.2	26.5	18.9	0
10.9	26.3	18.6	4.8
11.8	24.5	18.2	34
12.2	22.7	17.5	0
13.0	21.6	17.3	6.1
12.7	23.1	17.9	17.7
12.7	21.8	17.3	1
11.1	25.1	18.1	3
13.8	22.8	18.3	19.7
13.8	23.2	18.5	23.4
13.3	23.0	18.2	11.8
13.1	23.4	18.3	2.2
13.4	23.0	18.2	11.4
12.1	24.5	18.3	8.5
13.4	21.6	17.5	27.8
12.8	23.7	18.3	59.5
11.0	23.0	17.0	42.5
12.6	20.8	16.7	5.5
13.1	21.6	17.4	5.9
12.6	21.4	17.0	32.4
11.2	23.6	17.4	34.7
11.2	24.2	17.7	0
9.1	25.0	17.1	0
10.5	23.6	17.1	9.5
12.8	22.9	17.9	8.3
11.6	23.6	17.6	0
11.5	24.5	18.0	2.4
11.8	25.3	18.6	6.7
12.6	23.1	17.9	9.5
12.9	23.4	18.2	0
10.9	24.8	17.9	0
11.5	24.5	18.0	0
12.5	25.4	19.0	0
9.5	25.5	17.5	16.7
12.5	23.5	18.0	0.2
12.0	22.8	17.4	27.5
9.5	23.8	16.7	10.6
9.3	23.7	16.5	0
12.2	24.1	18.2	0
9.8	24.5	17.2	24
11.5	24.0	17.8	12.5
7.6	20.1	13.9	5.6
7.6	25.5	16.6	20.3
8.8	24.7	16.8	0
9.0	24.5	16.8	10.8
12.5	22.5	17.5	2
10.8	22.1	16.5	0
13.7	23.5	18.6	0
13.3	22.8	18.1	24.2
13.5	22.2	17.9	6.6
12.7	23.0	17.9	4.5
11.2	23.5	17.4	14.1
13.4	23.8	18.6	0
10.6	23.8	17.2	0
9.3	24.4	16.9	0
9.7	24.2	17.0	0
10.8	25.1	18.0	0
8.5	22.9	15.7	0
10.2	23.3	16.8	8.1
11.1	22.5	16.8	0
11.2	22.0	16.6	45.7
12.5	22.1	17.3	16.5
11.7	21.5	16.6	13.1
13.4	21.2	17.3	1
10.9	22.9	16.9	0
12.6	22.5	17.6	13.3
11.0	21.1	16.1	6.4
10.6	22.3	16.5	13.7
11.5	21.4	16.5	4.3
10.5	22.7	16.6	15.4
11.9	25.2	18.6	12.3
10.2	21.7	16.0	6.2
10.3	21.4	15.9	2.5
10.0	21.4	15.7	0.6
10.7	21.2	16.0	0
9.8	21.1	15.5	0
8.2	21.8	15.0	0.5
11.3	19.5	15.4	0
8.8	22.0	15.4	1
8.6	20.6	14.6	2
9.8	22.5	16.2	1
10.3	22.6	16.5	0
11.6	22.1	16.9	0
8.4	22.3	15.4	20.9
10.3	23.3	16.8	11.1
11.1	22.2	16.7	17
11.7	22.0	16.9	0
10.2	22.8	16.5	22.5
9.5	22.2	15.9	0.5
9.0	23.5	16.3	0
12.5	20.7	16.6	8.5
12.1	22.7	17.4	4.2
9.2	22.2	15.7	5.3
9.8	22.5	16.2	13.5
10.8	21.2	16.0	1
12.2	20.0	16.1	0
12.9	22.4	17.7	4.4
12.8	20.6	16.7	3.1
10.9	20.6	15.8	0
11.7	21.6	16.7	1.7
11.2	20.5	15.9	3
12.6	22.1	17.4	0.3
11.6	22.0	16.8	13.2
11.0	22.5	16.8	0
9.5	23.2	16.4	2.6
10.2	22.7	16.5	4.1
12.2	21.5	16.9	36.4
9.7	23.6	16.7	7.7
11.5	22.2	16.9	11.6
11.0	23.5	17.3	3.2
13.4	21.1	17.3	0.7
12.5	22.2	17.4	47.7
9.2	24.4	16.8	5.1
11.0	24.4	17.7	0
8.2	23.4	15.8	14.4
8.0	24.5	16.3	69.2
7.4	22.5	15.0	1.2
10.9	22.0	16.5	0
12.0	21.8	16.9	0
12.3	21.7	17.0	0
12.5	22.4	17.5	3.2
10.7	22.6	16.7	6.1
11.0	22.3	16.7	0
9.4	22.9	16.2	1.7
6.9	23.0	15.0	8.9
9.1	22.5	15.8	24.4
12.1	22.0	17.1	0
9.0	23.5	16.3	0
11.2	23.2	17.2	6.5
12.0	21.8	16.9	8.8
12.4	20.4	16.4	13.8
10.1	22.7	16.4	13.6
8.9	23.6	16.3	0
8.0	23.3	15.7	7.2
8.9	22.5	15.7	0
10.2	24.5	17.4	0.5
11.8	22.1	17.0	33
10.9	22.7	16.8	29.3
12.7	21.5	17.1	15.9
13.0	18.5	15.8	8.8
13.1	22.6	17.9	5
12.1	21.3	16.7	6
9.7	23.0	16.4	21.7
9.9	22.5	16.2	20.5
9.5	23.6	16.6	21
11.6	22.6	17.1	12.8
12.7	24.0	18.4	0
10.5	24.2	17.4	0
9.9	24.0	17.0	2.6
11.3	22.0	16.7	0.7
9.8	23.5	16.7	0
7.4	24.1	15.8	0
7.2	23.6	15.4	0
8.8	25.0	16.9	0
8.5	24.6	16.6	0
10.2	25.5	17.9	0
7.7	25.2	16.5	0
8.1	24.6	16.4	9.2
9.9	24.5	17.2	29.2
12.8	23.0	17.9	0
9.9	23.4	16.7	10.2
11.7	24.3	18.0	4.3
12.0	24.2	18.1	0
11.2	24.8	18.0	0
10.2	24.4	17.3	0.6
11.4	24.4	17.9	0
7.5	25.0	16.3	0
7.9	25.7	16.8	0
8.9	25.8	17.4	0
10.4	24.6	17.5	0
9.4	25.7	17.6	0
9.0	25.2	17.1	0
9.5	25.4	17.5	0
9.6	26.0	17.8	0
13.1	22.6	17.9	24.2
12.5	26.5	19.5	1.2
10.5	24.0	17.3	4.3
12.0	22.7	17.4	7.3
12.8	22.6	17.7	4.2
10.4	24.6	17.5	0
9.2	24.2	16.7	0
9.4	23.8	16.6	0
11.9	25.3	18.6	0
10.0	24.6	17.3	0
12.5	24.2	18.4	0
13.5	23.4	18.5	0
12.5	25.1	18.8	0
11.4	25.3	18.4	0
9.8	25.5	17.7	0.7
11.0	24.0	17.5	1
9.0	24.7	16.9	1
11.2	24.1	17.7	19.1
13.4	22.9	18.2	19.6
12.9	23.5	18.2	8.2
13.1	22.5	17.8	1.9
13.1	23.8	18.5	11.7
10.1	23.0	16.6	0
11.3	21.0	16.2	18.8
10.0	23.5	16.8	0
9.4	22.5	16.0	0
10.0	22.8	16.4	10.9
11.3	23.0	17.2	17.9
11.5	23.5	17.5	3.6
8.6	23.0	15.8	0
12.4	22.7	17.6	0
12.0	23.2	17.6	0
9.2	23.4	16.3	0
8.7	23.0	15.9	0
10.2	24.5	17.4	23.3
10.2	25.3	17.8	0
9.8	25.9	17.9	0
11.0	25.6	18.3	10.1
10.9	22.6	16.8	1.3
13.1	23.5	18.3	0
9.5	24.5	17.0	0
8.2	24.5	16.4	2.1
10.5	25.0	17.8	0
8.4	25.0	16.7	0
9.2	24.0	16.6	0
6.3	24.7	15.5	0
7.0	24.5	15.8	0
11.2	24.6	17.9	0
9.9	25.5	17.7	0
11.9	24.2	18.1	2.1
13.5	23.7	18.6	2.4
10.5	23.7	17.1	0
11.6	23.5	17.6	0
10.4	24.0	17.2	0.7
10.4	21.0	15.7	0
7.5	24.9	16.2	0
9.4	25.5	17.5	0
8.6	24.5	16.6	10
10.7	24.3	17.5	0
8.7	24.4	16.6	0
9.5	24.2	16.9	0
8.0	24.5	16.3	0
7.7	25.1	16.4	0
7.2	24.6	15.9	0
9.6	24.4	17.0	0
8.2	25.0	16.6	0
9.7	23.7	16.7	0
7.6	25.4	16.5	0
10.5	25.6	18.1	2.3
10.8	22.5	16.7	0.3
13.1	22.5	17.8	0
6.1	23.2	14.7	0
6.3	23.0	14.7	0.5
12.0	21.6	16.8	27.2
9.4	23.8	16.6	0
12.7	24.0	18.4	2.2
12.8	24.3	18.6	4.6
13.5	23.6	18.6	13.6
13.3	22.8	18.1	0.4
14.0	24.3	19.2	69.5
12.4	21.7	17.1	18.3
10.6	22.0	16.3	0
10.6	23.2	16.9	4
12.7	23.5	18.1	0
12.0	24.3	18.2	0
12.2	28.5	20.4	0
10.8	23.5	17.2	0
9.3	25.4	17.4	0
10.3	21.8	16.1	1.3
10.5	25.5	18.0	0
8.7	25.5	17.1	16.2
8.2	24.2	16.2	0
10.5	24.8	17.7	0
12.4	25.4	18.9	0
9.2	24.8	17.0	0
10.4	24.1	17.3	0
8.8	24.0	16.4	0
12.2	21.0	16.6	1.1
12.3	24.4	18.4	0
10.3	23.0	16.7	0
8.8	25.7	17.3	0
8.5	26.5	17.5	0
7.0	25.6	16.3	0
6.2	25.0	15.6	0
8.6	26.1	17.4	0
7.8	26.2	17.0	0
9.8	26.9	18.4	0
9.8	25.5	17.7	0
7.6	21.8	14.7	0
8.9	26.3	17.6	0
9.4	24.5	17.0	0
9.7	25.0	17.4	8
11.5	22.2	16.9	8.5
10.6	21.0	15.8	13.5
10.6	20.7	15.7	14.1
11.5	19.5	15.5	0
8.4	23.6	16.0	0
7.7	24.8	16.3	0
10.2	25.5	17.9	0
9.4	26.5	18.0	0
9.2	25.5	17.4	0
10.3	26.3	18.3	0
9.4	26.2	17.8	0
9.0	27.3	18.2	0
11.3	26.7	19.0	0
12.2	27.3	19.8	1
10.1	26.0	18.1	0.3
9.8	26.3	18.1	0
8.0	25.8	16.9	0
7.2	26.5	16.9	0
9.8	27.2	18.5	0
9.0	27.3	18.2	0
8.6	27.7	18.2	0
9.1	24.7	16.9	0
10.8	24.9	17.9	0
7.5	27.0	17.3	0
9.8	27.1	18.5	0
9.6	26.6	18.1	0
7.5	26.7	17.1	0
12.7	26.3	19.5	0
8.2	26.1	17.2	0
8.8	27.5	18.2	0
8.3	28.5	18.4	0
8.5	28.6	18.6	0
10.7	28.1	19.4	0
10.8	28.7	19.8	0
9.9	28.5	19.2	0
11.4	28.1	19.8	0
10.4	28.6	19.5	1
12.5	28.0	20.3	0
10.2	27.5	18.9	0
10.5	26.6	18.6	14.5
10.1	27.5	18.8	0
10.9	27.3	19.1	0
9.4	26.9	18.2	0
12.8	27.3	20.1	0
10.4	25.1	17.8	0
13.3	27.9	20.6	0
13.5	27.0	20.3	0
10.8	27.8	19.3	19.9
13.8	22.5	18.2	11.5
12.4	24.0	18.2	22.2
12.5	25.7	19.1	1.4
13.0	24.8	18.9	3.3
12.5	25.1	18.8	0
10.6	26.5	18.6	0
10.9	26.0	18.5	0
9.9	26.0	18.0	4.5
10.2	26.0	18.1	15
12.1	22.2	17.2	16.3
11.9	23.8	17.9	6.7
13.2	21.6	17.4	10.9
13.4	20.7	17.1	35.8
13.0	22.0	17.5	5.3
12.6	24.0	18.3	0
10.4	26.1	18.3	19.1
12.6	25.0	18.8	1.8
10.8	25.5	18.2	8.2
12.6	24.0	18.3	6.6
13.4	23.0	18.2	28.6
11.7	25.0	18.4	24.7
13.9	23.0	18.5	11
13.4	22.7	18.1	3.6
12.7	25.2	19.0	14.2
14.4	21.0	17.7	18
13.6	21.0	17.3	34.3
11.6	24.4	18.0	9.5
13.6	24.0	18.8	0
11.6	23.9	17.8	0
11.8	26.5	19.2	0
11.1	25.5	18.3	2.3
12.6	25.0	18.8	4
12.4	24.8	18.6	2.1
11.5	24.6	18.1	4
12.4	22.7	17.6	27.7
13.2	25.0	19.1	4.6
12.5	24.5	18.5	0
11.2	25.1	18.2	0
11.4	22.9	17.2	32.3
13.5	24.0	18.8	8.6
11.4	23.5	17.5	1.5
11.4	24.4	17.9	4.4
12.7	24.0	18.4	27.7
12.4	19.8	16.1	18.3
12.3	19.1	15.7	29
12.2	21.5	16.9	5.7
12.8	23.0	17.9	18.7
12.3	22.5	17.4	12.2
11.5	22.1	16.8	5.6
14.2	20.2	17.2	19.5
12.3	21.6	17.0	12.5
13.2	21.5	17.4	11.4
12.6	24.0	18.3	0
10.8	24.2	17.5	2.5
11.0	23.0	17.0	0
9.8	24.4	17.1	0
9.4	24.3	16.9	0
9.5	24.4	17.0	0
8.2	24.4	16.3	0
9.0	24.8	16.9	0
10.3	24.3	17.3	0
8.4	24.0	16.2	0
8.4	24.3	16.4	0
10.6	24.7	17.7	0
11.3	24.3	17.8	0
10.0	25.0	17.5	0
8.9	25.0	17.0	0
8.8	24.2	16.5	1.7
8.5	25.1	16.8	0
10.3	25.9	18.1	6.3
9.5	25.3	17.4	0
9.9	25.6	17.8	0
8.5	25.1	16.8	0
11.9	24.8	18.4	1.6
9.6	24.8	17.2	0
8.3	24.8	16.6	0
7.0	25.1	16.1	0
9.9	24.9	17.4	4.6
8.7	23.4	16.1	5
12.3	21.4	16.9	1.2
12.7	22.5	17.6	27.1
11.0	22.5	16.8	0
12.0	24.4	18.2	8.8
10.9	23.8	17.4	4.5
12.4	23.0	17.7	5
12.4	22.7	17.6	0
11.2	23.2	17.2	6.1
11.7	22.5	17.1	9.2
10.0	22.8	16.4	38.7
14.1	21.0	17.6	5.5
11.3	21.8	16.6	1.7
10.2	19.6	14.9	9.9
12.2	23.0	17.6	18.1
13.2	20.4	16.8	0.4
12.5	23.4	18.0	0
11.4	22.4	16.9	0
9.6	23.6	16.6	8.7
10.2	22.9	16.6	0
9.5	22.9	16.2	0
9.0	22.3	15.7	1.9
10.9	23.7	17.3	2.1
9.6	22.9	16.3	0
10.3	22.7	16.5	1.8
11.9	22.7	17.3	20.8
10.9	23.3	17.1	0
10.0	23.5	16.8	2.8
9.4	23.3	16.4	0
8.0	23.2	15.6	0
8.4	22.4	15.4	0
8.2	23.0	15.6	13.6
10.4	21.7	16.1	8.9
12.2	22.1	17.2	2
12.2	21.3	16.8	0
10.7	21.6	16.2	0
7.2	22.2	14.7	0
9.3	22.3	15.8	5.5
11.4	20.7	16.1	0
9.5	21.8	15.7	0
7.7	22.7	15.2	0
6.4	23.2	14.8	0
5.9	23.0	14.5	0
8.6	22.7	15.7	0
10.0	22.8	16.4	23.2
12.0	22.9	17.5	0
14.1	20.5	17.3	0
13.1	21.6	17.4	0.5
13.3	23.0	18.2	35
12.3	23.0	17.7	1.3
8.4	21.7	15.1	3.2
9.6	21.9	15.8	0
10.1	22.5	16.3	0
11.5	22.5	17.0	37.2
11.8	22.5	17.2	1.3
11.1	21.5	16.3	2.4
12.6	18.2	15.4	8.8
